# Thu 15:21:43 25-Jul-2019
begin	identify wtfarc_comb[SCI,4][54,*]
	id	wtfarc_comb[SCI,4]
	task	identify
	image	wtfarc_comb[SCI,4][54,*]
	units	Angstrom
	features	23
	         11.63 12738.0768    12736.9   5.0 1 1 2995   KH
	         22.08 12704.4596   12705.76   5.0 1 1 18317   KH
	         88.42 12490.8426 12491.0996   5.0 1 1 2995   KH
	         98.11  12459.619    12459.5   5.0 1 1 18317   KH
	        103.36  12442.673    12442.7   5.0 1 1 300 NOAO
	        114.71 12406.0956    12406.2   5.0 1 1 100 NOAO
	        132.98  12347.147    12346.8   5.0 1 1 300 NOAO
	        196.20 12143.0779     12143.   5.0 1 1 30 NOAO
	        204.73 12115.5512    12115.6   5.0 1 1 150 NOAO
	        231.19 12030.0571    12029.9   5.0 1 1 100 NOAO
	        256.85 11947.1534    11947.1   5.0 1 1 B NOAO
	        326.20 11722.9699    11722.7   5.0 1 1 150 NOAO
	        342.03 11671.8126    11671.9   5.0 1 1 200 NOAO
	        397.92 11491.1032    11491.2   5.0 1 1 120 NOAO
	        404.31 11470.4437    11470.7   5.0 1 1 150 NOAO
	        412.25 11444.7833     11445.   5.0 1 1 2 NOAO
	        427.10 11396.7716    11396.8   5.0 1 1 
	        524.65 11081.6232    11081.9   5.0 1 1 10 NOAO
	        585.77 10884.3716   10883.92   5.0 1 1 1551   KH
	        650.21 10676.6994    10676.5   5.0 1 1 230   KH
	        713.55 10472.9089    10472.9   5.0 1 1 100 UKIRT
	        928.00 9786.54643 9787.18359   5.0 1 1 200 UKIRT
	        967.49 9660.90633    9660.43   5.0 1 1 6 NOAO
	function chebyshev
	order 4
	sample *
	naverage 1
	niterate 10
	low_reject 3.
	high_reject 3.
	grow 0.
	coefficients	8
		1.
		4.
		11.62969779968262
		967.4903564453124
		11197.21981442706
		-1539.909850008559
		2.271730530954163
		1.324635769312294

# Thu 15:21:43 25-Jul-2019
begin	identify wtfarc_comb[SCI,4][52,*]
	id	wtfarc_comb[SCI,4]
	task	identify
	image	wtfarc_comb[SCI,4][52,*]
	units	Angstroms
	features	23
	         11.36  12738.646    12736.9   5.0 1 1 2995   KH
	         22.05  12704.268   12705.76   5.0 1 1 18317   KH
	         88.42 12490.6913 12491.0996   5.0 1 1 2995   KH
	         98.25 12458.9939    12459.5   5.0 1 1 18317   KH
	        103.29 12442.7581    12442.7   5.0 1 1 300 NOAO
	        114.71  12405.972    12406.2   5.0 1 1 100 NOAO
	        132.95 12347.1518    12346.8   5.0 1 1 300 NOAO
	        196.19 12143.0897     12143.   5.0 1 1 30 NOAO
	        204.73 12115.5223    12115.6   5.0 1 1 150 NOAO
	        231.09 12030.3678    12029.9   5.0 1 1 100 NOAO
	        256.82 11947.2672    11947.1   5.0 1 1 B NOAO
	        326.18 11723.0701    11722.7   5.0 1 1 150 NOAO
	        341.99 11671.9873    11671.9   5.0 1 1 200 NOAO
	        397.88 11491.2979    11491.2   5.0 1 1 120 NOAO
	        404.50  11469.894    11470.7   5.0 1 1 150 NOAO
	        412.24 11444.8822     11445.   5.0 1 1 2 NOAO
	        427.05 11396.9861    11396.8   5.0 1 1 
	        524.68 11081.5652    11081.9   5.0 1 1 10 NOAO
	        585.88 10884.0429   10883.92   5.0 1 1 1551   KH
	        650.20 10676.7381    10676.5   5.0 1 1 230   KH
	        713.50 10473.0681    10472.9   5.0 1 1 100 UKIRT
	        928.00 9786.46331 9787.18359   5.0 1 1 200 UKIRT
	        967.44 9660.97001    9660.43   5.0 1 1 6 NOAO
	function chebyshev
	order 4
	sample *
	naverage 1
	niterate 10
	low_reject 3.
	high_reject 3.
	grow 0.
	coefficients	8
		1.
		4.
		11.35949420928955
		967.4437866210936
		11197.6582186612
		-1540.211760678402
		2.149763130116401
		1.373791356911505

# Thu 15:21:43 25-Jul-2019
begin	identify wtfarc_comb[SCI,4][50,*]
	id	wtfarc_comb[SCI,4]
	task	identify
	image	wtfarc_comb[SCI,4][50,*]
	units	Angstroms
	features	23
	         11.29 12739.7476    12736.9   5.0 1 0 2995   KH
	         22.00 12705.2312   12705.76   5.0 1 1 18317   KH
	         88.39 12491.1051 12491.0996   5.0 1 1 2995   KH
	         98.21  12459.385    12459.5   5.0 1 1 18317   KH
	        103.26 12443.0807    12442.7   5.0 1 1 300 NOAO
	        114.68 12406.2345    12406.2   5.0 1 1 100 NOAO
	        132.93 12347.3064    12346.8   5.0 1 1 300 NOAO
	        196.16 12143.0254     12143.   5.0 1 1 30 NOAO
	        204.71 12115.4176    12115.6   5.0 1 1 150 NOAO
	        231.02 12030.3885    12029.9   5.0 1 1 100 NOAO
	        256.76 11947.1714    11947.1   5.0 1 1 B NOAO
	        326.19 11722.7321    11722.7   5.0 1 1 150 NOAO
	        341.96 11671.7418    11671.9   5.0 1 1 200 NOAO
	        397.85 11491.1011    11491.2   5.0 1 1 120 NOAO
	        404.30 11470.2584    11470.7   5.0 1 1 150 NOAO
	        412.21 11444.6748     11445.   5.0 1 1 2 NOAO
	        427.04 11396.7571    11396.8   5.0 1 1 
	        524.66 11081.5123    11081.9   5.0 1 1 10 NOAO
	        585.87 10884.0432   10883.92   5.0 1 1 1551   KH
	        650.14 10677.0095    10676.5   5.0 1 1 230   KH
	        713.47 10473.2813    10472.9   5.0 1 1 100 UKIRT
	        927.91 9786.58634 9787.18359   5.0 1 1 200 UKIRT
	        967.41 9660.74945    9660.43   5.0 1 1 6 NOAO
	function chebyshev
	order 4
	sample *
	naverage 1
	niterate 10
	low_reject 3.
	high_reject 3.
	grow 0.
	coefficients	8
		1.
		4.
		11.29203891754151
		967.408447265625
		11197.87043857171
		-1540.536991944038
		2.378070117816865
		1.037937483289051

# Thu 15:21:43 25-Jul-2019
begin	identify wtfarc_comb[SCI,4][48,*]
	id	wtfarc_comb[SCI,4]
	task	identify
	image	wtfarc_comb[SCI,4][48,*]
	units	Angstroms
	features	23
	         11.23 12739.5629    12736.9   5.0 1 0 2995   KH
	         21.75 12705.6858   12705.76   5.0 1 1 18317   KH
	         88.35  12490.956 12491.0996   5.0 1 1 2995   KH
	         98.18 12459.2653    12459.5   5.0 1 1 18317   KH
	        103.24  12442.929    12442.7   5.0 1 1 300 NOAO
	        114.65 12406.0903    12406.2   5.0 1 1 100 NOAO
	        132.91 12347.1494    12346.8   5.0 1 1 300 NOAO
	        196.13 12142.9716     12143.   5.0 1 1 30 NOAO
	        204.68 12115.3654    12115.6   5.0 1 1 150 NOAO
	        230.95 12030.4842    12029.9   5.0 1 1 100 NOAO
	        256.70 11947.2311    11947.1   5.0 1 1 B NOAO
	        326.20 11722.5966    11722.7   5.0 1 1 150 NOAO
	        341.93 11671.7477    11671.9   5.0 1 1 200 NOAO
	        397.82 11491.0824    11491.2   5.0 1 1 120 NOAO
	        404.02 11471.0399    11470.7   5.0 1 1 150 NOAO
	        412.22 11444.5508     11445.   5.0 1 1 2 NOAO
	        427.02  11396.708    11396.8   5.0 1 1 
	        524.63 11081.4811    11081.9   5.0 1 1 10 NOAO
	        585.87 10883.9438   10883.92   5.0 1 1 1551   KH
	        650.11 10676.9684    10676.5   5.0 1 1 230   KH
	        713.46 10473.2263    10472.9   5.0 1 1 100 UKIRT
	        928.07 9786.24233 9787.18359   5.0 1 1 200 UKIRT
	        967.38 9661.07776    9660.43   5.0 1 1 6 NOAO
	function chebyshev
	order 4
	sample *
	naverage 1
	niterate 10
	low_reject 3.
	high_reject 3.
	grow 0.
	coefficients	8
		1.
		4.
		11.23230075836182
		967.37939453125
		11197.91872807369
		-1540.370988471566
		2.401594779028829
		1.128423246199914

# Thu 15:21:43 25-Jul-2019
begin	identify wtfarc_comb[SCI,4][46,*]
	id	wtfarc_comb[SCI,4]
	task	identify
	image	wtfarc_comb[SCI,4][46,*]
	units	Angstroms
	features	23
	         11.18 12738.5182    12736.9   5.0 1 1 2995   KH
	         21.58 12705.1356   12705.76   5.0 1 1 18317   KH
	         88.31 12490.4698 12491.0996   5.0 1 1 2995   KH
	         98.14 12458.8368    12459.5   5.0 1 1 18317   KH
	        103.21 12442.4912    12442.7   5.0 1 1 300 NOAO
	        114.63 12405.7166    12406.2   5.0 1 1 100 NOAO
	        132.89 12346.8499    12346.8   5.0 1 1 300 NOAO
	        196.09 12142.9938     12143.   5.0 1 1 30 NOAO
	        204.65 12115.3698    12115.6   5.0 1 1 150 NOAO
	        230.90 12030.6213    12029.9   5.0 1 1 100 NOAO
	        256.68 11947.3616    11947.1   5.0 1 1 B NOAO
	        326.20 11722.7144    11722.7   5.0 1 1 150 NOAO
	        341.88 11672.0011    11671.9   5.0 1 1 200 NOAO
	        397.79 11491.2767    11491.2   5.0 1 1 120 NOAO
	        403.87 11471.6379    11470.7   5.0 1 1 150 NOAO
	        412.21 11444.6784     11445.   5.0 1 1 2 NOAO
	        427.02 11396.8081    11396.8   5.0 1 1 
	        524.61 11081.4933    11081.9   5.0 1 1 10 NOAO
	        585.96 10883.4697   10883.92   5.0 1 1 1551   KH
	        650.08 10676.7689    10676.5   5.0 1 1 230   KH
	        713.43 10472.9202    10472.9   5.0 1 1 100 UKIRT
	        927.82 9786.63744 9787.18359   5.0 1 1 200 UKIRT
	        967.33 9660.92236    9660.43   5.0 1 1 6 NOAO
	function chebyshev
	order 4
	sample *
	naverage 1
	niterate 10
	low_reject 3.
	high_reject 3.
	grow 0.
	coefficients	8
		1.
		4.
		11.18425273895264
		967.3291015625
		11197.69677085623
		-1540.221860582181
		2.023533380801404
		1.423914958665043

# Thu 15:21:43 25-Jul-2019
begin	identify wtfarc_comb[SCI,4][44,*]
	id	wtfarc_comb[SCI,4]
	task	identify
	image	wtfarc_comb[SCI,4][44,*]
	units	Angstroms
	features	23
	         11.14 12738.5285    12736.9   5.0 1 1 2995   KH
	         21.54 12705.1196   12705.76   5.0 1 1 18317   KH
	         88.27 12490.4888 12491.0996   5.0 1 1 2995   KH
	         98.09 12458.8772    12459.5   5.0 1 1 18317   KH
	        103.18 12442.4672    12442.7   5.0 1 1 300 NOAO
	        114.59 12405.7163    12406.2   5.0 1 1 100 NOAO
	        132.88 12346.8027    12346.8   5.0 1 1 300 NOAO
	        196.04 12143.0533     12143.   5.0 1 1 30 NOAO
	        204.63 12115.3538    12115.6   5.0 1 1 150 NOAO
	        230.87  12030.633    12029.9   5.0 1 1 100 NOAO
	        256.67    11947.3    11947.1   5.0 1 1 B NOAO
	        326.18 11722.6802    11722.7   5.0 1 1 150 NOAO
	        341.85 11672.0229    11671.9   5.0 1 1 200 NOAO
	        397.76 11491.3015    11491.2   5.0 1 1 120 NOAO
	        403.85 11471.6089    11470.7   5.0 1 1 150 NOAO
	        412.16 11444.7512     11445.   5.0 1 1 2 NOAO
	        426.99 11396.8206    11396.8   5.0 1 1 
	        524.59 11081.4772    11081.9   5.0 1 1 10 NOAO
	        585.98 10883.3492   10883.92   5.0 1 1 1551   KH
	        650.04 10676.8668    10676.5   5.0 1 1 230   KH
	        713.41 10472.9342    10472.9   5.0 1 1 100 UKIRT
	        927.82 9786.56364 9787.18359   5.0 1 1 200 UKIRT
	        967.30 9660.97639    9660.43   5.0 1 1 6 NOAO
	function chebyshev
	order 4
	sample *
	naverage 1
	niterate 10
	low_reject 3.
	high_reject 3.
	grow 0.
	coefficients	8
		1.
		4.
		11.13951110839844
		967.2963256835938
		11197.74263287227
		-1540.200479651582
		2.00983165893293
		1.424400554011996

# Thu 15:21:43 25-Jul-2019
begin	identify wtfarc_comb[SCI,4][42,*]
	id	wtfarc_comb[SCI,4]
	task	identify
	image	wtfarc_comb[SCI,4][42,*]
	units	Angstroms
	features	23
	         11.10 12739.4443    12736.9   5.0 1 0 2995   KH
	         21.50  12705.941   12705.76   5.0 1 1 18317   KH
	         88.23 12490.9271 12491.0996   5.0 1 1 2995   KH
	         98.06 12459.2219    12459.5   5.0 1 1 18317   KH
	        103.15 12442.7841    12442.7   5.0 1 1 300 NOAO
	        114.56 12405.9842    12406.2   5.0 1 1 100 NOAO
	        132.84 12347.0018    12346.8   5.0 1 1 300 NOAO
	        196.00 12143.0809     12143.   5.0 1 1 30 NOAO
	        204.59 12115.3354    12115.6   5.0 1 1 150 NOAO
	        230.86 12030.4779    12029.9   5.0 1 1 100 NOAO
	        256.65 11947.1346    11947.1   5.0 1 1 B NOAO
	        326.16 11722.4933    11722.7   5.0 1 1 150 NOAO
	        341.83 11671.8596    11671.9   5.0 1 1 200 NOAO
	        397.74 11491.1305    11491.2   5.0 1 1 120 NOAO
	        403.87 11471.3128    11470.7   5.0 1 1 150 NOAO
	        412.07  11444.818     11445.   5.0 1 1 2 NOAO
	        426.97 11396.6826    11396.8   5.0 1 1 
	        524.55 11081.5219    11081.9   5.0 1 1 10 NOAO
	        585.95 10883.4551   10883.92   5.0 1 1 1551   KH
	        650.00 10677.0724    10676.5   5.0 1 1 230   KH
	        713.39 10473.1178    10472.9   5.0 1 1 100 UKIRT
	        927.76 9786.64291 9787.18359   5.0 1 1 200 UKIRT
	        967.27 9660.79724    9660.43   5.0 1 1 6 NOAO
	function chebyshev
	order 4
	sample *
	naverage 1
	niterate 10
	low_reject 3.
	high_reject 3.
	grow 0.
	coefficients	8
		1.
		4.
		11.09591007232666
		967.2701416015623
		11197.91741346743
		-1540.46211264881
		2.203351573341355
		1.138589263172995

# Thu 15:21:43 25-Jul-2019
begin	identify wtfarc_comb[SCI,4][40,*]
	id	wtfarc_comb[SCI,4]
	task	identify
	image	wtfarc_comb[SCI,4][40,*]
	units	Angstroms
	features	23
	         11.06 12738.5612    12736.9   5.0 1 1 2995   KH
	         21.48 12705.1016   12705.76   5.0 1 1 18317   KH
	         88.18 12490.5775 12491.0996   5.0 1 1 2995   KH
	         98.02 12458.8831    12459.5   5.0 1 1 18317   KH
	        103.13 12442.4428    12442.7   5.0 1 1 300 NOAO
	        114.54  12405.675    12406.2   5.0 1 1 100 NOAO
	        132.82 12346.7771    12346.8   5.0 1 1 300 NOAO
	        195.96 12143.1415     12143.   5.0 1 1 30 NOAO
	        204.56 12115.3923    12115.6   5.0 1 1 150 NOAO
	        230.89 12030.3782    12029.9   5.0 1 1 100 NOAO
	        256.61 11947.3104    11947.1   5.0 1 1 B NOAO
	        326.13 11722.6753    11722.7   5.0 1 1 150 NOAO
	        341.79 11672.0373    11671.9   5.0 1 1 200 NOAO
	        397.72 11491.2599    11491.2   5.0 1 1 120 NOAO
	        403.87 11471.3711    11470.7   5.0 1 1 150 NOAO
	        412.00 11445.0923     11445.   5.0 1 1 2 NOAO
	        426.94 11396.8256    11396.8   5.0 1 1 
	        524.47 11081.7004    11081.9   5.0 1 1 10 NOAO
	        586.02 10883.0757   10883.92   5.0 1 1 1551   KH
	        649.96 10676.9763    10676.5   5.0 1 1 230   KH
	        713.37 10472.9601    10472.9   5.0 1 1 100 UKIRT
	        927.95 9786.23255 9787.18359   5.0 1 1 200 UKIRT
	        967.25 9661.24591    9660.43   5.0 1 1 6 NOAO
	function chebyshev
	order 4
	sample *
	naverage 1
	niterate 10
	low_reject 3.
	high_reject 3.
	grow 0.
	coefficients	8
		1.
		4.
		11.05947780609131
		967.247802734375
		11197.84087720629
		-1540.106084569799
		2.062656492289182
		1.448456899823529

# Thu 15:21:43 25-Jul-2019
begin	identify wtfarc_comb[SCI,4][38,*]
	id	wtfarc_comb[SCI,4]
	task	identify
	image	wtfarc_comb[SCI,4][38,*]
	units	Angstroms
	features	23
	         11.03 12738.5693    12736.9   5.0 1 1 2995   KH
	         21.45 12705.0978   12705.76   5.0 1 1 18317   KH
	         88.16 12490.5761 12491.0996   5.0 1 1 2995   KH
	         97.99 12458.9136    12459.5   5.0 1 1 18317   KH
	        103.11 12442.4311    12442.7   5.0 1 1 300 NOAO
	        114.52 12405.6697    12406.2   5.0 1 1 100 NOAO
	        132.79 12346.7933    12346.8   5.0 1 1 300 NOAO
	        195.92  12143.182     12143.   5.0 1 1 30 NOAO
	        204.53  12115.407    12115.6   5.0 1 1 150 NOAO
	        230.90 12030.2752    12029.9   5.0 1 1 100 NOAO
	        256.61  11947.232    11947.1   5.0 1 1 B NOAO
	        326.10 11722.6929    11722.7   5.0 1 1 150 NOAO
	        341.76 11672.0821    11671.9   5.0 1 1 200 NOAO
	        397.70  11491.262    11491.2   5.0 1 1 120 NOAO
	        403.87 11471.3148    11470.7   5.0 1 1 150 NOAO
	        411.96  11445.176     11445.   5.0 1 1 2 NOAO
	        426.92 11396.8048    11396.8   5.0 1 1 
	        524.41 11081.8613    11081.9   5.0 1 1 10 NOAO
	        586.06 10882.8975   10883.92   5.0 1 1 1551   KH
	        649.94 10677.0226    10676.5   5.0 1 1 230   KH
	        713.36 10472.9724    10472.9   5.0 1 1 100 UKIRT
	        928.00 9786.12285 9787.18359   5.0 1 1 200 UKIRT
	        967.24 9661.33696    9660.43   5.0 1 1 6 NOAO
	function chebyshev
	order 4
	sample *
	naverage 1
	niterate 10
	low_reject 3.
	high_reject 3.
	grow 0.
	coefficients	8
		1.
		4.
		11.02914237976074
		967.243408203125
		11197.8618090669
		-1540.080627698656
		2.091308760067642
		1.464470324604932

# Thu 15:21:43 25-Jul-2019
begin	identify wtfarc_comb[SCI,4][36,*]
	id	wtfarc_comb[SCI,4]
	task	identify
	image	wtfarc_comb[SCI,4][36,*]
	units	Angstroms
	features	23
	         11.13 12738.4651    12736.9   5.0 1 1 2995   KH
	         21.53 12705.0676   12705.76   5.0 1 1 18317   KH
	         88.23 12490.5468 12491.0996   5.0 1 1 2995   KH
	         98.06 12458.9008    12459.5   5.0 1 1 18317   KH
	        103.18 12442.4393    12442.7   5.0 1 1 300 NOAO
	        114.60 12405.6548    12406.2   5.0 1 1 100 NOAO
	        132.74 12347.1939    12346.8   5.0 1 1 300 NOAO
	        196.01 12143.1439     12143.   5.0 1 1 30 NOAO
	        204.62 12115.3751    12115.6   5.0 1 1 150 NOAO
	        230.96 12030.3367    12029.9   5.0 1 1 100 NOAO
	        256.74 11947.0669    11947.1   5.0 1 1 B NOAO
	        326.21 11722.6387    11722.7   5.0 1 1 150 NOAO
	        341.88 11672.0111    11671.9   5.0 1 1 200 NOAO
	        397.81 11491.2274    11491.2   5.0 1 1 120 NOAO
	        404.00 11471.2382    11470.7   5.0 1 1 150 NOAO
	        412.03 11445.2778     11445.   5.0 1 1 2 NOAO
	        426.98  11396.971    11396.8   5.0 1 1 
	        524.55 11081.8174    11081.9   5.0 1 1 10 NOAO
	        586.22 10882.7962   10883.92   5.0 1 1 1551   KH
	        650.08 10677.0172    10676.5   5.0 1 1 230   KH
	        713.50 10472.9805    10472.9   5.0 1 1 100 UKIRT
	        928.00 9786.52193 9787.18359   5.0 1 1 200 UKIRT
	        967.46 9661.00501    9660.43   5.0 1 1 6 NOAO
	function chebyshev
	order 4
	sample *
	naverage 1
	niterate 10
	low_reject 3.
	high_reject 3.
	grow 0.
	coefficients	8
		1.
		4.
		11.13267517089844
		967.4617309570312
		11197.68818283419
		-1540.146910325209
		2.04685856429451
		1.416876343581175

# Thu 15:21:43 25-Jul-2019
begin	identify wtfarc_comb[SCI,4][34,*]
	id	wtfarc_comb[SCI,4]
	task	identify
	image	wtfarc_comb[SCI,4][34,*]
	units	Angstroms
	features	22
	         11.32    12739.1    12736.9   5.0 1 0 2995   KH
	         21.67 12705.7715   12705.76   5.0 1 1 18317   KH
	         88.37 12490.9366 12491.0996   5.0 1 1 2995   KH
	         98.21 12459.2058    12459.5   5.0 1 1 18317   KH
	        103.30 12442.7979    12442.7   5.0 1 1 300 NOAO
	        114.73 12405.9254    12406.2   5.0 1 1 100 NOAO
	        132.86 12347.4279    12346.8   5.0 1 1 300 NOAO
	        196.15  12143.142     12143.   5.0 1 1 30 NOAO
	        204.75 12115.3797    12115.6   5.0 1 1 150 NOAO
	        231.03 12030.4849    12029.9   5.0 1 1 100 NOAO
	        256.90 11946.9076    11947.1   5.0 1 1 B NOAO
	        326.36 11722.4537    11722.7   5.0 1 1 150 NOAO
	        342.02 11671.8279    11671.9   5.0 1 1 200 NOAO
	        397.97 11491.0086    11491.2   5.0 1 1 120 NOAO
	        404.30 11470.5543    11470.7   5.0 1 1 150 NOAO
	        412.15 11445.1823     11445.   5.0 1 1 2 NOAO
	        427.06 11397.0252    11396.8   5.0 1 1 
	        524.73 11081.5675    11081.9   5.0 1 1 10 NOAO
	        587.00 10880.6899   10883.92   5.0 1 0 1551   KH
	        650.26 10676.8599    10676.5   5.0 1 1 230   KH
	        713.68 10472.8305    10472.9   5.0 1 1 100 UKIRT
	        967.63 9660.40053    9660.43   5.0 1 1 200 UKIRT
	function chebyshev
	order 4
	sample *
	naverage 1
	niterate 10
	low_reject 3.
	high_reject 3.
	grow 0.
	coefficients	8
		1.
		4.
		11.31664562225342
		967.63134765625
		11197.57460407689
		-1540.527570542084
		2.175660617781729
		1.177832674114394

# Thu 15:21:43 25-Jul-2019
begin	identify wtfarc_comb[SCI,4][32,*]
	id	wtfarc_comb[SCI,4]
	task	identify
	image	wtfarc_comb[SCI,4][32,*]
	units	Angstroms
	features	21
	         11.74 12737.4825    12736.9   5.0 1 1 2995   KH
	         21.75 12705.3297   12705.76   5.0 1 1 18317   KH
	         88.44 12490.7679 12491.0996   5.0 1 1 2995   KH
	         98.27 12459.1053    12459.5   5.0 1 1 18317   KH
	        103.36  12442.702    12442.7   5.0 1 1 300 NOAO
	        114.79 12405.8695    12406.2   5.0 1 1 100 NOAO
	        132.91 12347.4687    12346.8   5.0 1 1 300 NOAO
	        196.21 12143.2587     12143.   5.0 1 1 30 NOAO
	        204.82  12115.484    12115.6   5.0 1 1 150 NOAO
	        231.16 12030.4274    12029.9   5.0 1 1 100 NOAO
	        257.02 11946.9132    11947.1   5.0 1 1 B NOAO
	        326.40 11722.7288    11722.7   5.0 1 1 150 NOAO
	        342.09 11671.9942    11671.9   5.0 1 1 200 NOAO
	        398.04 11491.1822    11491.2   5.0 1 1 120 NOAO
	        404.75 11469.4903    11470.7   5.0 1 1 150 NOAO
	        412.22  11445.342     11445.   5.0 1 1 2 NOAO
	        427.06 11397.3797    11396.8   5.0 1 1 
	        524.83 11081.5855    11081.9   5.0 1 1 10 NOAO
	        650.36 10676.8247    10676.5   5.0 1 1 1551   KH
	        713.77 10472.8476    10472.9   5.0 1 1 230   KH
	        967.90  9660.4056    9660.43   5.0 1 1 100 UKIRT
	function chebyshev
	order 4
	sample *
	naverage 1
	niterate 10
	low_reject 3.
	high_reject 3.
	grow 0.
	coefficients	8
		1.
		4.
		11.74363899230957
		967.9033813476561
		11196.78173357719
		-1539.920466704358
		2.162335430037318
		1.38199867509923

# Thu 15:21:43 25-Jul-2019
begin	identify wtfarc_comb[SCI,4][30,*]
	id	wtfarc_comb[SCI,4]
	task	identify
	image	wtfarc_comb[SCI,4][30,*]
	units	Angstroms
	features	20
	         12.32 12736.6476    12736.9   5.0 1 1 2995   KH
	         21.87 12705.8787   12705.76   5.0 1 1 18317   KH
	         88.56 12490.9226 12491.0996   5.0 1 1 2995   KH
	         98.37  12459.286    12459.5   5.0 1 1 18317   KH
	        103.48 12442.8132    12442.7   5.0 1 1 300 NOAO
	        114.88  12406.022    12406.2   5.0 1 1 100 NOAO
	        132.98 12347.6091    12346.8   5.0 1 1 300 NOAO
	        196.30 12143.1682     12143.   5.0 1 1 30 NOAO
	        204.93 12115.3124    12115.6   5.0 1 1 150 NOAO
	        231.00  12031.088    12029.9   5.0 1 1 100 NOAO
	        257.37  11945.876    11947.1   5.0 1 1 B NOAO
	        326.47 11722.5985    11722.7   5.0 1 1 150 NOAO
	        342.20 11671.7584    11671.9   5.0 1 1 200 NOAO
	        398.15 11490.9925    11491.2   5.0 1 1 120 NOAO
	        412.34 11445.1474     11445.   5.0 1 1 150 NOAO
	        427.18 11397.2242    11396.8   5.0 1 1 2 NOAO
	        524.99 11081.4411    11081.9   5.0 1 1 
	        650.57 10676.7174    10676.5   5.0 1 1 10 NOAO
	        713.92 10473.0099    10472.9   5.0 1 1 1551   KH
	        968.00 9660.37649    9660.43   5.0 1 1 230   KH
	function chebyshev
	order 4
	sample *
	naverage 1
	niterate 10
	low_reject 3.
	high_reject 3.
	grow 0.
	coefficients	8
		1.
		4.
		12.31539058685303
		967.9999999999999
		11196.18065546365
		-1539.219381601029
		2.331414449692404
		1.083802871183019

# Thu 15:21:43 25-Jul-2019
begin	identify wtfarc_comb[SCI,4][28,*]
	id	wtfarc_comb[SCI,4]
	task	identify
	image	wtfarc_comb[SCI,4][28,*]
	units	Angstroms
	features	16
	         12.99 12736.0466    12736.9   5.0 1 1 2995   KH
	         22.09  12706.621   12705.76   5.0 1 1 18317   KH
	         88.78 12491.0165 12491.0996   5.0 1 1 2995   KH
	         98.58 12459.3487    12459.5   5.0 1 1 18317   KH
	        103.74 12442.6822    12442.7   5.0 1 1 300 NOAO
	        115.07 12406.0809    12406.2   5.0 1 1 100 NOAO
	        133.21 12347.4756    12346.8   5.0 1 1 300 NOAO
	        196.50 12143.1168     12143.   5.0 1 1 30 NOAO
	        205.13 12115.2639    12115.6   5.0 1 1 150 NOAO
	        327.00 11722.0754    11722.7   5.0 1 1 100 NOAO
	        342.42 11672.3452    11671.9   5.0 1 1 B NOAO
	        398.36 11491.9069    11491.2   5.0 1 1 150 NOAO
	        413.00 11444.7028     11445.   5.0 1 1 200 NOAO
	        428.00 11396.3241    11396.8   5.0 1 1 120 NOAO
	        650.93 10676.9228    10676.5   5.0 1 1 150 NOAO
	        714.16 10472.6302    10472.9   5.0 1 1 2 NOAO
	function chebyshev
	order 4
	sample *
	naverage 1
	niterate 10
	low_reject 3.
	high_reject 3.
	grow 0.
	coefficients	8
		1.
		4.
		12.9937858581543
		714.1596069335937
		11604.22069949678
		-1131.459752893705
		0.1177037967885908
		-0.2484198694074803

# Thu 15:21:43 25-Jul-2019
begin	identify wtfarc_comb[SCI,4][56,*]
	id	wtfarc_comb[SCI,4]
	task	identify
	image	wtfarc_comb[SCI,4][56,*]
	units	Angstroms
	features	23
	         11.45 12738.5696    12736.9   5.0 1 1 2995   KH
	         22.17 12704.1249   12705.76   5.0 1 1 18317   KH
	         88.47  12490.792 12491.0996   5.0 1 1 2995   KH
	         98.36 12458.9062    12459.5   5.0 1 1 18317   KH
	        103.35 12442.8446    12442.7   5.0 1 1 300 NOAO
	        114.75 12406.0833    12406.2   5.0 1 1 100 NOAO
	        132.99 12347.2894    12346.8   5.0 1 1 300 NOAO
	        196.25 12143.1619     12143.   5.0 1 1 30 NOAO
	        204.78 12115.6392    12115.6   5.0 1 1 150 NOAO
	        231.19 12030.3321    12029.9   5.0 1 1 100 NOAO
	        256.93 11947.1609    11947.1   5.0 1 1 B NOAO
	        326.25 11723.1154    11722.7   5.0 1 1 150 NOAO
	        342.06 11671.9916    11671.9   5.0 1 1 200 NOAO
	        397.95 11491.2908    11491.2   5.0 1 1 120 NOAO
	        404.75 11469.2959    11470.7   5.0 1 1 150 NOAO
	        412.31 11444.8467     11445.   5.0 1 1 2 NOAO
	        427.09 11397.0655    11396.8   5.0 1 1 
	        524.70 11081.6407    11081.9   5.0 1 1 10 NOAO
	        585.78 10884.4868   10883.92   5.0 1 1 1551   KH
	        650.24 10676.6933    10676.5   5.0 1 1 230   KH
	        713.56 10472.9192    10472.9   5.0 1 1 100 UKIRT
	        928.00 9786.53472 9787.18359   5.0 1 1 200 UKIRT
	        967.49 9660.90817    9660.43   5.0 1 1 6 NOAO
	function chebyshev
	order 4
	sample *
	naverage 1
	niterate 10
	low_reject 3.
	high_reject 3.
	grow 0.
	coefficients	8
		1.
		4.
		11.45154094696045
		967.4927368164063
		11197.5922197763
		-1540.253894882623
		2.146650796184749
		1.423199005046297

# Thu 15:21:43 25-Jul-2019
begin	identify wtfarc_comb[SCI,4][58,*]
	id	wtfarc_comb[SCI,4]
	task	identify
	image	wtfarc_comb[SCI,4][58,*]
	units	Angstroms
	features	23
	         11.48 12738.2787    12736.9   5.0 1 1 2995   KH
	         21.95 12704.6342   12705.76   5.0 1 1 18317   KH
	         88.49 12490.6972 12491.0996   5.0 1 1 2995   KH
	         98.42  12458.734    12459.5   5.0 1 1 18317   KH
	        103.37 12442.7785    12442.7   5.0 1 1 300 NOAO
	        114.78 12406.0309    12406.2   5.0 1 1 100 NOAO
	        133.02 12347.2545    12346.8   5.0 1 1 300 NOAO
	        196.30 12143.1531     12143.   5.0 1 1 30 NOAO
	        204.80 12115.7176    12115.6   5.0 1 1 150 NOAO
	        231.21 12030.4494    12029.9   5.0 1 1 100 NOAO
	        256.98 11947.2032    11947.1   5.0 1 1 B NOAO
	        326.33 11723.0509    11722.7   5.0 1 1 150 NOAO
	        342.09 11672.1107    11671.9   5.0 1 1 200 NOAO
	        397.98 11491.3821    11491.2   5.0 1 1 120 NOAO
	        404.87 11469.0912    11470.7   5.0 1 1 150 NOAO
	        412.36 11444.8767     11445.   5.0 1 1 2 NOAO
	        427.13 11397.1362    11396.8   5.0 1 1 
	        524.74 11081.6343    11081.9   5.0 1 1 10 NOAO
	        585.80 10884.5119   10883.92   5.0 1 1 1551   KH
	        650.28 10676.5857    10676.5   5.0 1 1 230   KH
	        713.58 10472.8248    10472.9   5.0 1 1 100 UKIRT
	        927.81 9786.99047 9787.18359   5.0 1 1 200 UKIRT
	        967.55 9660.56681    9660.43   5.0 1 1 6 NOAO
	function chebyshev
	order 4
	sample *
	naverage 1
	niterate 10
	low_reject 3.
	high_reject 3.
	grow 0.
	coefficients	8
		1.
		4.
		11.47671031951904
		967.5545043945312
		11197.4407199266
		-1540.368548298546
		1.982059573686407
		1.512582611008804

# Thu 15:21:43 25-Jul-2019
begin	identify wtfarc_comb[SCI,4][60,*]
	id	wtfarc_comb[SCI,4]
	task	identify
	image	wtfarc_comb[SCI,4][60,*]
	units	Angstroms
	features	22
	         11.44 12738.3574    12736.9   5.0 1 1 2995   KH
	         21.83 12705.0026   12705.76   5.0 1 1 18317   KH
	         88.52 12490.6014 12491.0996   5.0 1 1 2995   KH
	         98.47 12458.5468    12459.5   5.0 1 1 18317   KH
	        103.40 12442.6833    12442.7   5.0 1 1 300 NOAO
	        114.81 12405.9362    12406.2   5.0 1 1 100 NOAO
	        133.06  12347.144    12346.8   5.0 1 1 300 NOAO
	        196.34 12143.0395     12143.   5.0 1 1 30 NOAO
	        204.82 12115.6699    12115.6   5.0 1 1 150 NOAO
	        231.22 12030.4428    12029.9   5.0 1 1 100 NOAO
	        257.01 11947.1284    11947.1   5.0 1 1 B NOAO
	        326.41 11722.8049    11722.7   5.0 1 1 150 NOAO
	        342.12 11672.0012    11671.9   5.0 1 1 200 NOAO
	        398.02  11491.261    11491.2   5.0 1 1 120 NOAO
	        412.42 11444.6704     11445.   5.0 1 1 150 NOAO
	        427.17 11396.9908    11396.8   5.0 1 1 2 NOAO
	        524.76 11081.5465    11081.9   5.0 1 1 
	        585.83 10884.3811   10883.92   5.0 1 1 10 NOAO
	        650.30 10676.4996    10676.5   5.0 1 1 1551   KH
	        713.62 10472.7199    10472.9   5.0 1 1 230   KH
	        928.00 9786.65031 9787.18359   5.0 1 1 100 UKIRT
	        967.55 9660.91534    9660.43   5.0 1 1 200 UKIRT
	function chebyshev
	order 4
	sample *
	naverage 1
	niterate 10
	low_reject 3.
	high_reject 3.
	grow 0.
	coefficients	8
		1.
		4.
		11.43506240844726
		967.5526733398438
		11197.57158085401
		-1540.297607513931
		2.064783771102979
		1.576582469117646

# Thu 15:21:43 25-Jul-2019
begin	identify wtfarc_comb[SCI,4][62,*]
	id	wtfarc_comb[SCI,4]
	task	identify
	image	wtfarc_comb[SCI,4][62,*]
	units	Angstroms
	features	22
	         11.42 12738.3787    12736.9   5.0 1 1 2995   KH
	         21.87 12704.8319   12705.76   5.0 1 1 18317   KH
	         88.55 12490.6011 12491.0996   5.0 1 1 2995   KH
	         98.55 12458.3951    12459.5   5.0 1 1 18317   KH
	        103.42 12442.7213    12442.7   5.0 1 1 300 NOAO
	        114.84 12405.9584    12406.2   5.0 1 1 100 NOAO
	        133.09 12347.1901    12346.8   5.0 1 1 300 NOAO
	        196.39  12143.099     12143.   5.0 1 1 30 NOAO
	        204.85 12115.8135    12115.6   5.0 1 1 150 NOAO
	        231.22 12030.6838    12029.9   5.0 1 1 100 NOAO
	        257.00 11947.3981    11947.1   5.0 1 1 B NOAO
	        326.46 11722.9098    11722.7   5.0 1 1 150 NOAO
	        342.16 11672.1647    11671.9   5.0 1 1 200 NOAO
	        398.05 11491.4414    11491.2   5.0 1 1 120 NOAO
	        405.00 11468.9703    11470.7   5.0 1 1 150 NOAO
	        412.47 11444.8099     11445.   5.0 1 1 2 NOAO
	        427.19 11397.1933    11396.8   5.0 1 1 
	        524.76 11081.7699    11081.9   5.0 1 1 10 NOAO
	        585.85 10884.5023   10883.92   5.0 1 1 1551   KH
	        650.32 10676.5605    10676.5   5.0 1 1 230   KH
	        713.64  10472.667    10472.9   5.0 1 1 100 UKIRT
	        967.57 9660.44957    9660.43   5.0 1 1 200 UKIRT
	function chebyshev
	order 4
	sample *
	naverage 1
	niterate 10
	low_reject 3.
	high_reject 3.
	grow 0.
	coefficients	8
		1.
		4.
		11.41657638549805
		967.5733642578125
		11197.58279868269
		-1540.564259646047
		1.831345268231569
		1.599683744306886

# Thu 15:21:43 25-Jul-2019
begin	identify wtfarc_comb[SCI,4][64,*]
	id	wtfarc_comb[SCI,4]
	task	identify
	image	wtfarc_comb[SCI,4][64,*]
	units	Angstroms
	features	21
	         11.41 12738.5886    12736.9   5.0 1 1 2995   KH
	         21.90 12704.9118   12705.76   5.0 1 1 18317   KH
	         88.57 12490.5895 12491.0996   5.0 1 1 2995   KH
	         98.62 12458.2417    12459.5   5.0 1 1 18317   KH
	        103.44 12442.7087    12442.7   5.0 1 1 300 NOAO
	        114.87 12405.9051    12406.2   5.0 1 1 100 NOAO
	        133.11 12347.1221    12346.8   5.0 1 1 300 NOAO
	        196.43 12142.9302     12143.   5.0 1 1 30 NOAO
	        204.86 12115.7024    12115.6   5.0 1 1 150 NOAO
	        231.20 12030.6628    12029.9   5.0 1 1 100 NOAO
	        257.00 11947.3228    11947.1   5.0 1 1 B NOAO
	        326.50 11722.6972    11722.7   5.0 1 1 150 NOAO
	        342.19 11671.9806    11671.9   5.0 1 1 200 NOAO
	        398.07 11491.2562    11491.2   5.0 1 1 120 NOAO
	        412.47 11444.7068     11445.   5.0 1 1 150 NOAO
	        427.21 11397.0577    11396.8   5.0 1 1 2 NOAO
	        524.81 11081.5753    11081.9   5.0 1 1 
	        585.91 10884.2775   10883.92   5.0 1 1 10 NOAO
	        650.35 10676.4618    10676.5   5.0 1 1 1551   KH
	        713.68 10472.5945    10472.9   5.0 1 1 230   KH
	        967.57 9660.51621    9660.43   5.0 1 1 100 UKIRT
	function chebyshev
	order 4
	sample *
	naverage 1
	niterate 10
	low_reject 3.
	high_reject 3.
	grow 0.
	coefficients	8
		1.
		4.
		11.4121503829956
		967.5737915039061
		11197.62144153614
		-1540.571702724426
		1.930956603675116
		1.535511029157263

# Thu 15:21:43 25-Jul-2019
begin	identify wtfarc_comb[SCI,4][66,*]
	id	wtfarc_comb[SCI,4]
	task	identify
	image	wtfarc_comb[SCI,4][66,*]
	units	Angstroms
	features	23
	         11.43 12738.5587    12736.9   5.0 1 1 2995   KH
	         21.94 12704.8343   12705.76   5.0 1 1 18317   KH
	         88.50 12490.8419 12491.0996   5.0 1 1 2995   KH
	         98.66 12458.1573    12459.5   5.0 1 1 18317   KH
	        103.46 12442.6777    12442.7   5.0 1 1 300 NOAO
	        114.90 12405.8371    12406.2   5.0 1 1 100 NOAO
	        133.13  12347.117    12346.8   5.0 1 1 300 NOAO
	        196.46 12142.8825     12143.   5.0 1 1 30 NOAO
	        204.89 12115.6812    12115.6   5.0 1 1 150 NOAO
	        231.19 12030.7635    12029.9   5.0 1 1 100 NOAO
	        257.00 11947.4055    11947.1   5.0 1 1 B NOAO
	        326.55 11722.6398    11722.7   5.0 1 1 150 NOAO
	        342.22 11671.9889    11671.9   5.0 1 1 200 NOAO
	        398.10 11491.3088    11491.2   5.0 1 1 120 NOAO
	        403.16 11474.9516    11470.7   5.0 1 0 150 NOAO
	        412.47 11444.8416     11445.   5.0 1 1 2 NOAO
	        427.24 11397.0767    11396.8   5.0 1 1 
	        524.85 11081.5499    11081.9   5.0 1 1 10 NOAO
	        585.99 10884.0739   10883.92   5.0 1 1 1551   KH
	        650.38 10676.3575    10676.5   5.0 1 1 230   KH
	        713.71 10472.3537    10472.9   5.0 1 1 100 UKIRT
	        927.00 9788.71029 9787.18359   5.0 1 1 200 UKIRT
	        967.60 9659.33513    9660.43   5.0 1 1 6 NOAO
	function chebyshev
	order 4
	sample *
	naverage 1
	niterate 10
	low_reject 3.
	high_reject 3.
	grow 0.
	coefficients	8
		1.
		4.
		11.43209075927734
		967.6018676757811
		11197.33892037704
		-1541.047961503216
		1.608016169529363
		1.43615730985815

# Thu 15:21:43 25-Jul-2019
begin	identify wtfarc_comb[SCI,4][68,*]
	id	wtfarc_comb[SCI,4]
	task	identify
	image	wtfarc_comb[SCI,4][68,*]
	units	Angstroms
	features	22
	         11.45 12738.5914    12736.9   5.0 1 1 2995   KH
	         21.97 12704.8187   12705.76   5.0 1 1 18317   KH
	         88.48 12490.9663 12491.0996   5.0 1 1 2995   KH
	         98.69  12458.123    12459.5   5.0 1 1 18317   KH
	        103.49 12442.6583    12442.7   5.0 1 1 300 NOAO
	        114.94 12405.7897    12406.2   5.0 1 1 100 NOAO
	        133.15 12347.1107    12346.8   5.0 1 1 300 NOAO
	        196.49 12142.8482     12143.   5.0 1 1 30 NOAO
	        204.91 12115.6616    12115.6   5.0 1 1 150 NOAO
	        231.17 12030.8641    12029.9   5.0 1 1 100 NOAO
	        257.01 11947.4094    11947.1   5.0 1 1 B NOAO
	        326.59 11722.5445    11722.7   5.0 1 1 150 NOAO
	        342.26 11671.8906    11671.9   5.0 1 1 200 NOAO
	        398.13 11491.2415    11491.2   5.0 1 1 120 NOAO
	        403.13 11475.0901    11470.7   5.0 1 0 150 NOAO
	        412.49 11444.8237     11445.   5.0 1 1 2 NOAO
	        427.26 11397.0713    11396.8   5.0 1 1 
	        524.86  11081.605    11081.9   5.0 1 1 10 NOAO
	        586.04   10884.07   10883.92   5.0 1 1 1551   KH
	        650.39 10676.5905    10676.5   5.0 1 1 230   KH
	        713.75 10472.6287    10472.9   5.0 1 1 100 UKIRT
	        967.63 9660.50219    9660.43   5.0 1 1 200 UKIRT
	function chebyshev
	order 4
	sample *
	naverage 1
	niterate 10
	low_reject 3.
	high_reject 3.
	grow 0.
	coefficients	8
		1.
		4.
		11.44729328155517
		967.6336669921875
		11197.64232697385
		-1540.54697217317
		1.904478588187238
		1.502355166184346

# Thu 15:21:43 25-Jul-2019
begin	identify wtfarc_comb[SCI,4][70,*]
	id	wtfarc_comb[SCI,4]
	task	identify
	image	wtfarc_comb[SCI,4][70,*]
	units	Angstroms
	features	22
	         11.48 12738.4983    12736.9   5.0 1 1 2995   KH
	         22.01 12704.7132   12705.76   5.0 1 1 18317   KH
	         88.52 12490.9277 12491.0996   5.0 1 1 2995   KH
	         98.73 12458.0926    12459.5   5.0 1 1 18317   KH
	        103.51 12442.6872    12442.7   5.0 1 1 300 NOAO
	        114.96 12405.8208    12406.2   5.0 1 1 100 NOAO
	        133.15 12347.2248    12346.8   5.0 1 1 300 NOAO
	        196.51 12142.9215     12143.   5.0 1 1 30 NOAO
	        204.93  12115.754    12115.6   5.0 1 1 150 NOAO
	        231.15 12031.1163    12029.9   5.0 1 1 100 NOAO
	        257.01 11947.6013    11947.1   5.0 1 1 B NOAO
	        326.58 11722.7591    11722.7   5.0 1 1 150 NOAO
	        342.29 11671.9757    11671.9   5.0 1 1 200 NOAO
	        398.17  11491.317    11491.2   5.0 1 1 120 NOAO
	        405.06 11469.0131    11470.7   5.0 1 1 150 NOAO
	        412.49 11444.9932     11445.   5.0 1 1 2 NOAO
	        427.28  11397.168    11396.8   5.0 1 1 
	        524.88 11081.7298    11081.9   5.0 1 1 10 NOAO
	        585.99 10884.4178   10883.92   5.0 1 1 1551   KH
	        650.42 10676.6478    10676.5   5.0 1 1 230   KH
	        713.77 10472.6919    10472.9   5.0 1 1 100 UKIRT
	        967.72 9660.43845    9660.43   5.0 1 1 200 UKIRT
	function chebyshev
	order 4
	sample *
	naverage 1
	niterate 10
	low_reject 3.
	high_reject 3.
	grow 0.
	coefficients	8
		1.
		4.
		11.47829151153565
		967.7188720703124
		11197.59858676398
		-1540.574055520609
		1.869798850888449
		1.544122967108731

# Thu 15:21:43 25-Jul-2019
begin	identify wtfarc_comb[SCI,4][72,*]
	id	wtfarc_comb[SCI,4]
	task	identify
	image	wtfarc_comb[SCI,4][72,*]
	units	Angstroms
	features	22
	         11.51 12738.4029    12736.9   5.0 1 1 2995   KH
	         21.99 12704.7678   12705.76   5.0 1 1 18317   KH
	         88.51 12490.9179 12491.0996   5.0 1 1 2995   KH
	         98.69 12458.1474    12459.5   5.0 1 1 18317   KH
	        103.50 12442.6778    12442.7   5.0 1 1 300 NOAO
	        114.95 12405.7882    12406.2   5.0 1 1 100 NOAO
	        133.13 12347.2446    12346.8   5.0 1 1 300 NOAO
	        196.48  12142.946     12143.   5.0 1 1 30 NOAO
	        204.92 12115.6818    12115.6   5.0 1 1 150 NOAO
	        231.05 12031.3477    12029.9   5.0 1 1 100 NOAO
	        256.99 11947.5594    11947.1   5.0 1 1 B NOAO
	        326.54 11722.7802    11722.7   5.0 1 1 150 NOAO
	        342.27 11671.9306    11671.9   5.0 1 1 200 NOAO
	        398.17 11491.2236    11491.2   5.0 1 1 120 NOAO
	        405.04 11468.9962    11470.7   5.0 1 1 150 NOAO
	        412.46 11445.0116     11445.   5.0 1 1 2 NOAO
	        427.28 11397.0818    11396.8   5.0 1 1 
	        524.88  11081.663    11081.9   5.0 1 1 10 NOAO
	        585.94 10884.5499   10883.92   5.0 1 1 1551   KH
	        650.41 10676.6689    10676.5   5.0 1 1 230   KH
	        713.78 10472.6985    10472.9   5.0 1 1 100 UKIRT
	        967.78 9660.42379    9660.43   5.0 1 1 200 UKIRT
	function chebyshev
	order 4
	sample *
	naverage 1
	niterate 10
	low_reject 3.
	high_reject 3.
	grow 0.
	coefficients	8
		1.
		4.
		11.50981521606445
		967.7800903320312
		11197.460735703
		-1540.516915753599
		1.952608548114021
		1.527364364806242

# Thu 15:21:43 25-Jul-2019
begin	identify wtfarc_comb[SCI,4][74,*]
	id	wtfarc_comb[SCI,4]
	task	identify
	image	wtfarc_comb[SCI,4][74,*]
	units	Angstroms
	features	22
	         11.42 12738.1517    12736.9   5.0 1 1 2995   KH
	         21.81 12704.8195   12705.76   5.0 1 1 18317   KH
	         88.34 12490.9883 12491.0996   5.0 1 1 2995   KH
	         98.48  12458.334    12459.5   5.0 1 1 18317   KH
	        103.34 12442.7012    12442.7   5.0 1 1 300 NOAO
	        114.82 12405.7261    12406.2   5.0 1 1 100 NOAO
	        132.97 12347.2656    12346.8   5.0 1 1 300 NOAO
	        196.29  12143.046     12143.   5.0 1 1 30 NOAO
	        204.78 12115.6293    12115.6   5.0 1 1 150 NOAO
	        230.82 12031.5659    12029.9   5.0 1 1 100 NOAO
	        256.88 11947.3793    11947.1   5.0 1 1 B NOAO
	        326.28 11723.0604    11722.7   5.0 1 1 150 NOAO
	        342.08 11671.9748    11671.9   5.0 1 1 200 NOAO
	        397.99 11491.1749    11491.2   5.0 1 1 120 NOAO
	        405.00 11468.4956    11470.7   5.0 1 1 150 NOAO
	        412.28 11444.9712     11445.   5.0 1 1 2 NOAO
	        427.12 11396.9692    11396.8   5.0 1 1 
	        524.74  11081.471    11081.9   5.0 1 1 10 NOAO
	        585.58 10885.0379   10883.92   5.0 1 1 1551   KH
	        650.23 10676.6231    10676.5   5.0 1 1 230   KH
	        713.59 10472.7416    10472.9   5.0 1 1 100 UKIRT
	        967.84 9660.38321    9660.43   5.0 1 1 200 UKIRT
	function chebyshev
	order 4
	sample *
	naverage 1
	niterate 10
	low_reject 3.
	high_reject 3.
	grow 0.
	coefficients	8
		1.
		4.
		11.42365550994873
		967.8361206054686
		11197.08439035861
		-1540.533486349886
		2.183067083109403
		1.649237514065486

# Thu 15:21:43 25-Jul-2019
begin	identify wtfarc_comb[SCI,4][76,*]
	id	wtfarc_comb[SCI,4]
	task	identify
	image	wtfarc_comb[SCI,4][76,*]
	units	Angstroms
	features	20
	         11.39 12738.2504    12736.9   5.0 1 1 2995   KH
	         21.74 12705.0082   12705.76   5.0 1 1 18317   KH
	         88.35 12490.7633 12491.0996   5.0 1 1 2995   KH
	         98.33 12458.6379    12459.5   5.0 1 1 18317   KH
	        103.27 12442.7263    12442.7   5.0 1 1 300 NOAO
	        114.75 12405.7473    12406.2   5.0 1 1 100 NOAO
	        132.90 12347.2476    12346.8   5.0 1 1 300 NOAO
	        196.21 12143.0113     12143.   5.0 1 1 30 NOAO
	        204.70 12115.6046    12115.6   5.0 1 1 150 NOAO
	        230.48 12032.3367    12029.9   5.0 1 0 100 NOAO
	        256.75 11947.4715    11947.1   5.0 1 1 B NOAO
	        326.10 11723.3261    11722.7   5.0 1 1 150 NOAO
	        341.99 11671.9247    11671.9   5.0 1 1 200 NOAO
	        397.92 11491.0796    11491.2   5.0 1 1 120 NOAO
	        412.19 11444.9443     11445.   5.0 1 1 150 NOAO
	        427.06 11396.8709    11396.8   5.0 1 1 2 NOAO
	        524.67 11081.4194    11081.9   5.0 1 1 
	        650.14 10676.6703    10676.5   5.0 1 1 10 NOAO
	        713.50  10472.826    10472.9   5.0 1 1 1551   KH
	        967.68 9660.45979    9660.43   5.0 1 1 230   KH
	function chebyshev
	order 4
	sample *
	naverage 1
	niterate 10
	low_reject 3.
	high_reject 3.
	grow 0.
	coefficients	8
		1.
		4.
		11.38589572906494
		967.6834716796875
		11197.14066466924
		-1540.439899042769
		2.21442540553202
		1.544596681419667

# Thu 15:21:43 25-Jul-2019
begin	identify wtfarc_comb[SCI,4][78,*]
	id	wtfarc_comb[SCI,4]
	task	identify
	image	wtfarc_comb[SCI,4][78,*]
	units	Angstroms
	features	20
	         11.36 12738.1994    12736.9   5.0 1 1 2995   KH
	         21.64  12705.136   12705.76   5.0 1 1 18317   KH
	         88.31  12490.562 12491.0996   5.0 1 1 2995   KH
	         98.13 12458.9173    12459.5   5.0 1 1 18317   KH
	        103.19 12442.6281    12442.7   5.0 1 1 300 NOAO
	        114.65 12405.6988    12406.2   5.0 1 1 100 NOAO
	        132.81 12347.1298    12346.8   5.0 1 1 300 NOAO
	        196.11 12142.8539     12143.   5.0 1 1 30 NOAO
	        204.60 12115.4396    12115.6   5.0 1 1 150 NOAO
	        230.00 12033.4076    12029.9   5.0 1 0 100 NOAO
	        256.38 11948.1852    11947.1   5.0 1 1 B NOAO
	        325.89 11723.4897    11722.7   5.0 1 1 150 NOAO
	        341.89 11671.7594    11671.9   5.0 1 1 200 NOAO
	        397.84 11490.8776    11491.2   5.0 1 1 120 NOAO
	        412.06 11444.8995     11445.   5.0 1 1 150 NOAO
	        426.97 11396.7251    11396.8   5.0 1 1 2 NOAO
	        524.54 11081.4772    11081.9   5.0 1 1 
	        650.07 10676.6586    10676.5   5.0 1 1 10 NOAO
	        713.41 10472.9116    10472.9   5.0 1 1 1551   KH
	        967.62  9660.4409    9660.43   5.0 1 1 230   KH
	function chebyshev
	order 4
	sample *
	naverage 1
	niterate 10
	low_reject 3.
	high_reject 3.
	grow 0.
	coefficients	8
		1.
		4.
		11.35549163818359
		967.6157836914061
		11197.00337163898
		-1540.310758385501
		2.316772603607343
		1.431518865963947

# Thu 15:21:43 25-Jul-2019
begin	identify wtfarc_comb[SCI,4][80,*]
	id	wtfarc_comb[SCI,4]
	task	identify
	image	wtfarc_comb[SCI,4][80,*]
	units	Angstroms
	features	19
	         11.48 12737.6621    12736.9   5.0 1 1 2995   KH
	         21.47 12705.5135   12705.76   5.0 1 1 18317   KH
	         88.11 12490.7597 12491.0996   5.0 1 1 2995   KH
	         97.87 12459.2928    12459.5   5.0 1 1 18317   KH
	        103.05   12442.58    12442.7   5.0 1 1 300 NOAO
	        114.45 12405.7702    12406.2   5.0 1 1 100 NOAO
	        132.69 12346.9107    12346.8   5.0 1 1 300 NOAO
	        195.95 12142.6139     12143.   5.0 1 1 30 NOAO
	        204.40 12115.3227    12115.6   5.0 1 1 150 NOAO
	        256.00 11948.5511    11947.1   5.0 1 1 100 NOAO
	        325.58 11723.5763    11722.7   5.0 1 1 B NOAO
	        341.71  11671.432    11671.9   5.0 1 1 150 NOAO
	        397.68 11490.4778    11491.2   5.0 1 1 200 NOAO
	        411.83 11444.7526     11445.   5.0 1 1 120 NOAO
	        426.68 11396.7404    11396.8   5.0 1 1 150 NOAO
	        524.00 11082.3764    11081.9   5.0 1 1 2 NOAO
	        649.93 10676.3977    10676.5   5.0 1 1 
	        713.25 10472.7878    10472.9   5.0 1 1 10 NOAO
	        967.47 9660.47184    9660.43   5.0 1 1 1551   KH
	function chebyshev
	order 4
	sample *
	naverage 1
	niterate 10
	low_reject 3.
	high_reject 3.
	grow 0.
	coefficients	8
		1.
		4.
		11.4846248626709
		967.4668579101561
		11196.4587987946
		-1539.889804590954
		2.608173116795573
		1.294671719310971

