# Thu 15:21:42 25-Jul-2019
begin	identify wtfarc_comb[SCI,3][65,*]
	id	wtfarc_comb[SCI,3]
	task	identify
	image	wtfarc_comb[SCI,3][65,*]
	units	Angstrom
	features	39
	          5.43 15305.3439    15306.1   5.0 1 1 40 NOAO
	         38.76 15176.9051    15176.8   5.0 1 1 25 NOAO
	         71.38 15051.0453    15050.6   5.0 1 1 100 NOAO
	        150.89 14743.7138    14743.2   5.0 1 1 5 NOAO
	        162.00  14700.714    14697.4   5.0 1 1 4 NOAO
	        174.57 14652.0424    14654.3   5.0 1 1 30 NOAO
	        187.75 14601.0202    14600.5   5.0 1 1 4 NOAO
	        276.44 14257.2372    14260.8   5.0 1 1 13 NOAO
	        317.38 14098.3932    14097.5   5.0 1 1 150 NOAO
	        364.78 13914.4186    13914.4   5.0 1 1 50 NOAO
	        386.39 13830.5356    13829.5   5.0 1 1 B NOAO
	        415.11 13719.0715    13722.3   5.0 1 1 1000 NOAO
	        424.51 13682.5822    13682.3   5.0 1 1 200 NOAO
	        438.90 13626.7356    13626.4   5.0 1 1 B NOAO
	        444.91 13603.3861     13603.   5.0 1 1 13 NOAO
	        451.48 13577.8858    13577.3   5.0 1 1 12 NOAO
	        459.08 13548.4063    13547.9   5.0 1 1 8 NOAO
	        469.36 13508.5086    13507.9   5.0 1 1 
	        494.67 13410.2976    13410.2   5.0 1 1 
	        504.84 13370.8662    13370.8   5.0 1 1 1000 NOAO
	        518.84 13316.5568    13316.8   5.0 1 1 
	        529.20 13276.3735    13276.3   5.0 1 1 500 NOAO
	        542.97 13223.0138    13217.6   5.0 1 0 200 NOAO
	        597.50 13011.6819    13011.8   5.0 1 1 200 NOAO
	        610.89  12959.834    12960.2   5.0 1 1 
	        616.91 12936.5399    12936.7   5.0 1 1 40 NOAO
	        650.70 12805.7995   12806.24   5.0 1 1 8 NOAO
	        667.54 12740.6935    12736.9   5.0 1 1 486   KH
	        676.72 12705.2127   12705.76   5.0 1 1 2995   KH
	        732.33 12490.4685    12491.1   5.0 1 1 500 NOAO
	        744.83   12442.29    12442.7   5.0 1 1 300 NOAO
	        754.36 12405.5231    12406.2   5.0 1 1 1000 NOAO
	        769.41 12347.5526    12346.8   5.0 1 1 800 NOAO
	        822.64  12142.756     12143.   5.0 1 1 30 NOAO
	        829.74 12115.4844    12115.6   5.0 1 1 150 NOAO
	        874.00 11945.6185    11947.1   5.0 1 1 150 NOAO
	        932.00 11723.6409    11722.7   5.0 1 1 B NOAO
	        945.74 11671.1447    11671.9   5.0 1 1 2995   KH
	        992.76 11491.9203    11491.2   5.0 1 1 120 NOAO
	function chebyshev
	order 4
	sample *
	naverage 1
	niterate 10
	low_reject 3.
	high_reject 3.
	grow 0.
	coefficients	8
		1.
		4.
		5.431131362915039
		992.75732421875
		13395.89105313657
		-1908.785894114148
		2.741022920451383
		2.074084579980683

# Thu 15:21:42 25-Jul-2019
begin	identify wtfarc_comb[SCI,3][63,*]
	id	wtfarc_comb[SCI,3]
	task	identify
	image	wtfarc_comb[SCI,3][63,*]
	units	Angstroms
	features	37
	          5.38 15305.8642    15306.1   5.0 1 1 40 NOAO
	         38.74 15176.9756    15176.8   5.0 1 1 25 NOAO
	         71.32 15050.9633    15050.6   5.0 1 1 100 NOAO
	        150.92  14742.816    14743.2   5.0 1 1 5 NOAO
	        162.00 14699.8933    14697.4   5.0 1 0 4 NOAO
	        174.68 14650.7513    14654.3   5.0 1 0 30 NOAO
	        187.63 14600.5755    14600.5   5.0 1 1 4 NOAO
	        276.44 14256.2612    14260.8   5.0 1 0 13 NOAO
	        317.32 14097.6939    14097.5   5.0 1 1 150 NOAO
	        364.77 13913.6352    13914.4   5.0 1 1 50 NOAO
	        386.38 13829.8178    13829.5   5.0 1 1 B NOAO
	        424.50 13682.0014    13682.3   5.0 1 1 1000 NOAO
	        438.88 13626.2466    13626.4   5.0 1 1 200 NOAO
	        444.85 13603.0858     13603.   5.0 1 1 B NOAO
	        451.43 13577.5805    13577.3   5.0 1 1 13 NOAO
	        459.02 13548.1692    13547.9   5.0 1 1 12 NOAO
	        469.24 13508.5518    13507.9   5.0 1 1 8 NOAO
	        494.68  13409.949    13410.2   5.0 1 1 
	        504.82 13370.6589    13370.8   5.0 1 1 
	        518.84 13316.3301    13316.8   5.0 1 1 1000 NOAO
	        529.16 13276.3444    13276.3   5.0 1 1 
	        542.92   13223.07    13217.6   5.0 1 0 500 NOAO
	        597.45 13012.0112    13011.8   5.0 1 1 200 NOAO
	        610.88 12960.0638    12960.2   5.0 1 1 200 NOAO
	        616.83 12937.0504    12936.7   5.0 1 1 
	        650.70  12806.117   12806.24   5.0 1 1 40 NOAO
	        667.48 12741.2792    12736.9   5.0 1 0 8 NOAO
	        676.71 12705.6147   12705.76   5.0 1 1 486   KH
	        732.32 12491.0581    12491.1   5.0 1 1 2995   KH
	        744.79 12442.9757    12442.7   5.0 1 1 500 NOAO
	        754.34 12406.1623    12406.2   5.0 1 1 300 NOAO
	        769.30 12348.5393    12346.8   5.0 1 0 1000 NOAO
	        822.67 12143.2069     12143.   5.0 1 1 800 NOAO
	        829.69 12116.2232    12115.6   5.0 1 1 30 NOAO
	        874.00 11946.1131    11947.1   5.0 1 1 150 NOAO
	        945.75 11671.3279    11671.9   5.0 1 1 150 NOAO
	        992.75 11491.8163    11491.2   5.0 1 1 B NOAO
	function chebyshev
	order 4
	sample *
	naverage 1
	niterate 10
	low_reject 3.
	high_reject 3.
	grow 0.
	coefficients	8
		1.
		4.
		5.382953166961669
		992.7464599609375
		13395.89307757647
		-1908.509336783498
		2.947164396435463
		1.485364149494441

# Thu 15:21:42 25-Jul-2019
begin	identify wtfarc_comb[SCI,3][61,*]
	id	wtfarc_comb[SCI,3]
	task	identify
	image	wtfarc_comb[SCI,3][61,*]
	units	Angstroms
	features	37
	          5.37 15305.7988    15306.1   5.0 1 1 40 NOAO
	         38.71 15176.9575    15176.8   5.0 1 1 25 NOAO
	         71.28  15050.955    15050.6   5.0 1 1 100 NOAO
	        150.92 14742.6445    14743.2   5.0 1 1 5 NOAO
	        162.00 14699.7009    14697.4   5.0 1 0 4 NOAO
	        174.64 14650.7339    14654.3   5.0 1 0 30 NOAO
	        187.45 14601.0737    14600.5   5.0 1 1 4 NOAO
	        276.43 14256.1023    14260.8   5.0 1 0 13 NOAO
	        317.28 14097.6474    14097.5   5.0 1 1 150 NOAO
	        364.74   13913.58    13914.4   5.0 1 1 50 NOAO
	        386.36 13829.7502    13829.5   5.0 1 1 B NOAO
	        424.46 13681.9713    13682.3   5.0 1 1 1000 NOAO
	        438.85 13626.1886    13626.4   5.0 1 1 200 NOAO
	        444.83 13603.0107     13603.   5.0 1 1 B NOAO
	        451.39 13577.5696    13577.3   5.0 1 1 13 NOAO
	        458.96 13548.2327    13547.9   5.0 1 1 12 NOAO
	        469.22 13508.4741    13507.9   5.0 1 1 8 NOAO
	        494.65 13409.9004    13410.2   5.0 1 1 
	        504.79 13370.6165    13370.8   5.0 1 1 
	        518.80 13316.3736    13316.8   5.0 1 1 1000 NOAO
	        529.13 13276.3546    13276.3   5.0 1 1 
	        542.91 13222.9969    13217.6   5.0 1 0 500 NOAO
	        597.41 13012.0445    13011.8   5.0 1 1 200 NOAO
	        610.85 12960.0774    12960.2   5.0 1 1 200 NOAO
	        616.80 12937.0552    12936.7   5.0 1 1 
	        650.67 12806.1277   12806.24   5.0 1 1 40 NOAO
	        667.45 12741.2899    12736.9   5.0 1 0 8 NOAO
	        676.68 12705.6446   12705.76   5.0 1 1 486   KH
	        732.27 12491.1395    12491.1   5.0 1 1 2995   KH
	        744.77 12442.9548    12442.7   5.0 1 1 500 NOAO
	        754.30 12406.2377    12406.2   5.0 1 1 300 NOAO
	        769.28 12348.5339    12346.8   5.0 1 0 1000 NOAO
	        822.64 12143.2152     12143.   5.0 1 1 800 NOAO
	        829.65 12116.2637    12115.6   5.0 1 1 30 NOAO
	        874.00 11945.9829    11947.1   5.0 1 1 150 NOAO
	        945.68 11671.3832    11671.9   5.0 1 1 150 NOAO
	        992.70 11491.7746    11491.2   5.0 1 1 B NOAO
	function chebyshev
	order 4
	sample *
	naverage 1
	niterate 10
	low_reject 3.
	high_reject 3.
	grow 0.
	coefficients	8
		1.
		4.
		5.371505260467529
		992.695068359375
		13395.86106870634
		-1908.439286723558
		2.925635263529522
		1.427190716995006

# Thu 15:21:42 25-Jul-2019
begin	identify wtfarc_comb[SCI,3][59,*]
	id	wtfarc_comb[SCI,3]
	task	identify
	image	wtfarc_comb[SCI,3][59,*]
	units	Angstroms
	features	37
	          5.33 15305.3166    15306.1   5.0 1 1 40 NOAO
	         38.66  15176.893    15176.8   5.0 1 1 25 NOAO
	         71.25 15051.1586    15050.6   5.0 1 1 100 NOAO
	        150.88 14743.3913    14743.2   5.0 1 1 5 NOAO
	        162.00 14700.3398    14697.4   5.0 1 1 4 NOAO
	        174.64 14651.4147    14654.3   5.0 1 1 30 NOAO
	        187.28 14602.4693    14600.5   5.0 1 1 4 NOAO
	        276.40 14257.0054    14260.8   5.0 1 1 13 NOAO
	        317.25 14098.5247    14097.5   5.0 1 1 150 NOAO
	        364.72 13914.3021    13914.4   5.0 1 1 50 NOAO
	        386.33 13830.4278    13829.5   5.0 1 1 B NOAO
	        415.00 13719.1312    13722.3   5.0 1 1 1000 NOAO
	        424.43 13682.5132    13682.3   5.0 1 1 200 NOAO
	        438.82 13626.6585    13626.4   5.0 1 1 B NOAO
	        444.80  13603.459     13603.   5.0 1 1 13 NOAO
	        451.36 13578.0108    13577.3   5.0 1 1 12 NOAO
	        458.90 13548.7221    13547.9   5.0 1 1 8 NOAO
	        469.21 13508.7248    13507.9   5.0 1 1 
	        494.64 13410.0589    13410.2   5.0 1 1 
	        504.77 13370.7594    13370.8   5.0 1 1 1000 NOAO
	        518.76 13316.4901    13316.8   5.0 1 1 
	        529.10 13276.3856    13276.3   5.0 1 1 500 NOAO
	        542.89 13222.9177    13217.6   5.0 1 0 200 NOAO
	        597.37  13011.791    13011.8   5.0 1 1 200 NOAO
	        610.82 12959.7276    12960.2   5.0 1 1 
	        616.78 12936.6251    12936.7   5.0 1 1 40 NOAO
	        650.65 12805.5729   12806.24   5.0 1 1 8 NOAO
	        667.40 12740.7883    12736.9   5.0 1 1 486   KH
	        676.65 12705.0209   12705.76   5.0 1 1 2995   KH
	        732.24 12490.3797    12491.1   5.0 1 1 500 NOAO
	        744.75 12442.1166    12442.7   5.0 1 1 300 NOAO
	        754.26 12405.4492    12406.2   5.0 1 1 1000 NOAO
	        769.25 12347.6693    12346.8   5.0 1 1 800 NOAO
	        822.62 12142.3209     12143.   5.0 1 1 30 NOAO
	        829.62 12115.4085    12115.6   5.0 1 1 150 NOAO
	        945.41 11671.8005    11671.9   5.0 1 1 150 NOAO
	        992.68 11491.5723    11491.2   5.0 1 1 B NOAO
	function chebyshev
	order 4
	sample *
	naverage 1
	niterate 10
	low_reject 3.
	high_reject 3.
	grow 0.
	coefficients	8
		1.
		4.
		5.326918601989746
		992.6790161132812
		13395.78559489496
		-1908.948778690883
		2.658842876912808
		2.076641476655841

# Thu 15:21:42 25-Jul-2019
begin	identify wtfarc_comb[SCI,3][57,*]
	id	wtfarc_comb[SCI,3]
	task	identify
	image	wtfarc_comb[SCI,3][57,*]
	units	Angstroms
	features	37
	          5.30 15305.6739    15306.1   5.0 1 1 40 NOAO
	         38.63 15176.8779    15176.8   5.0 1 1 25 NOAO
	         71.21 15050.8808    15050.6   5.0 1 1 100 NOAO
	        150.86 14742.5648    14743.2   5.0 1 1 5 NOAO
	        162.00 14699.4123    14697.4   5.0 1 0 4 NOAO
	        174.59 14650.6447    14654.3   5.0 1 0 30 NOAO
	        187.21  14601.719    14600.5   5.0 1 1 4 NOAO
	        276.40 14255.9956    14260.8   5.0 1 0 13 NOAO
	        317.22 14097.6857    14097.5   5.0 1 1 150 NOAO
	        364.69 13913.5486    13914.4   5.0 1 1 50 NOAO
	        386.30 13829.7691    13829.5   5.0 1 1 B NOAO
	        424.40  13682.007    13682.3   5.0 1 1 1000 NOAO
	        438.80 13626.1564    13626.4   5.0 1 1 200 NOAO
	        444.78 13602.9684     13603.   5.0 1 1 B NOAO
	        451.33 13577.6072    13577.3   5.0 1 1 13 NOAO
	        458.88 13548.3074    13547.9   5.0 1 1 12 NOAO
	        469.19 13508.3477    13507.9   5.0 1 1 8 NOAO
	        494.61 13409.8152    13410.2   5.0 1 1 
	        504.75 13370.5557    13370.8   5.0 1 1 
	        518.71 13316.4701    13316.8   5.0 1 1 1000 NOAO
	        529.07 13276.2995    13276.3   5.0 1 1 
	        542.86 13222.9076    13217.6   5.0 1 0 500 NOAO
	        597.33 13012.0396    13011.8   5.0 1 1 200 NOAO
	        610.80 12959.9184    12960.2   5.0 1 1 200 NOAO
	        616.77  12936.842    12936.7   5.0 1 1 
	        650.61 12805.9806   12806.24   5.0 1 1 40 NOAO
	        667.37 12741.2094    12736.9   5.0 1 0 8 NOAO
	        676.62 12705.4811   12705.76   5.0 1 1 486   KH
	        732.20 12490.9339    12491.1   5.0 1 1 2995   KH
	        744.73 12442.5996    12442.7   5.0 1 1 500 NOAO
	        754.22 12406.0058    12406.2   5.0 1 1 300 NOAO
	        769.24 12348.1172    12346.8   5.0 1 1 1000 NOAO
	        822.57 12142.7884     12143.   5.0 1 1 800 NOAO
	        829.59 12115.7951    12115.6   5.0 1 1 30 NOAO
	        932.00 11722.7296    11722.7   5.0 1 1 150 NOAO
	        945.20  11672.184    11671.9   5.0 1 1 150 NOAO
	        992.65 11490.7304    11491.2   5.0 1 1 B NOAO
	function chebyshev
	order 4
	sample *
	naverage 1
	niterate 10
	low_reject 3.
	high_reject 3.
	grow 0.
	coefficients	8
		1.
		4.
		5.295356750488281
		992.6511230468751
		13395.56353611502
		-1908.865242096291
		2.638617629877866
		1.393473751176712

# Thu 15:21:42 25-Jul-2019
begin	identify wtfarc_comb[SCI,3][55,*]
	id	wtfarc_comb[SCI,3]
	task	identify
	image	wtfarc_comb[SCI,3][55,*]
	units	Angstroms
	features	37
	          5.23  15305.742    15306.1   5.0 1 1 40 NOAO
	         38.59 15176.8475    15176.8   5.0 1 1 25 NOAO
	         71.17 15050.8459    15050.6   5.0 1 1 100 NOAO
	        150.81 14742.5921    14743.2   5.0 1 1 5 NOAO
	        162.00  14699.245    14697.4   5.0 1 0 4 NOAO
	        174.52 14650.7568    14654.3   5.0 1 0 30 NOAO
	        187.20 14601.6237    14600.5   5.0 1 1 4 NOAO
	        276.39 14255.8679    14260.8   5.0 1 0 13 NOAO
	        317.18 14097.6831    14097.5   5.0 1 1 150 NOAO
	        364.67 13913.5275    13914.4   5.0 1 1 50 NOAO
	        386.27 13829.7643    13829.5   5.0 1 1 B NOAO
	        424.36 13682.0493    13682.3   5.0 1 1 1000 NOAO
	        438.78 13626.1706    13626.4   5.0 1 1 200 NOAO
	        444.76 13602.9657     13603.   5.0 1 1 B NOAO
	        451.30 13577.6193    13577.3   5.0 1 1 13 NOAO
	        458.83  13548.412    13547.9   5.0 1 1 12 NOAO
	        469.17 13508.3597    13507.9   5.0 1 1 8 NOAO
	        494.59  13409.838    13410.2   5.0 1 1 
	        504.72 13370.5773    13370.8   5.0 1 1 
	        518.66 13316.5832    13316.8   5.0 1 1 1000 NOAO
	        529.04 13276.3499    13276.3   5.0 1 1 
	        542.83 13222.9506    13217.6   5.0 1 0 500 NOAO
	        597.30 13012.0901    13011.8   5.0 1 1 200 NOAO
	        610.78 12959.9341    12960.2   5.0 1 1 200 NOAO
	        616.92 12936.1949    12936.7   5.0 1 1 
	        650.58 12806.0399   12806.24   5.0 1 1 40 NOAO
	        667.33 12741.3024    12736.9   5.0 1 0 8 NOAO
	        676.59 12705.5511   12705.76   5.0 1 1 486   KH
	        732.15 12491.0361    12491.1   5.0 1 1 2995   KH
	        744.71 12442.6149    12442.7   5.0 1 1 500 NOAO
	        754.18 12406.0932    12406.2   5.0 1 1 300 NOAO
	        769.23 12348.0852    12346.8   5.0 1 1 1000 NOAO
	        822.55 12142.7926     12143.   5.0 1 1 800 NOAO
	        829.57 12115.7887    12115.6   5.0 1 1 30 NOAO
	        932.00 11722.5937    11722.7   5.0 1 1 150 NOAO
	        945.12 11672.3286    11671.9   5.0 1 1 150 NOAO
	        992.61 11490.7056    11491.2   5.0 1 1 B NOAO
	function chebyshev
	order 4
	sample *
	naverage 1
	niterate 10
	low_reject 3.
	high_reject 3.
	grow 0.
	coefficients	8
		1.
		4.
		5.234940528869628
		992.6082153320312
		13395.63567397922
		-1908.87652909516
		2.588148734780514
		1.358330801712199

# Thu 15:21:42 25-Jul-2019
begin	identify wtfarc_comb[SCI,3][53,*]
	id	wtfarc_comb[SCI,3]
	task	identify
	image	wtfarc_comb[SCI,3][53,*]
	units	Angstroms
	features	36
	          5.18 15305.6268    15306.1   5.0 1 1 40 NOAO
	         38.54 15176.7078    15176.8   5.0 1 1 25 NOAO
	         71.14 15050.6057    15050.6   5.0 1 1 100 NOAO
	        150.78 14742.3221    14743.2   5.0 1 1 5 NOAO
	        162.00 14698.8631    14697.4   5.0 1 1 4 NOAO
	        174.57 14650.1633    14654.3   5.0 1 0 30 NOAO
	        187.16 14601.3947    14600.5   5.0 1 1 4 NOAO
	        276.36 14255.6661    14260.8   5.0 1 0 13 NOAO
	        317.15 14097.5315    14097.5   5.0 1 1 150 NOAO
	        364.63 13913.4179    13914.4   5.0 1 1 50 NOAO
	        386.23 13829.7059    13829.5   5.0 1 1 B NOAO
	        424.32 13682.0137    13682.3   5.0 1 1 1000 NOAO
	        438.74 13626.1263    13626.4   5.0 1 1 200 NOAO
	        444.74 13602.8789     13603.   5.0 1 1 B NOAO
	        451.27 13577.5765    13577.3   5.0 1 1 13 NOAO
	        458.78 13548.4575    13547.9   5.0 1 1 12 NOAO
	        469.15 13508.3022    13507.9   5.0 1 1 8 NOAO
	        494.56 13409.8533    13410.2   5.0 1 1 
	        504.70 13370.5596    13370.8   5.0 1 1 
	        518.62 13316.6229    13316.8   5.0 1 1 1000 NOAO
	        529.01 13276.3815    13276.3   5.0 1 1 
	        542.80 13222.9946    13217.6   5.0 1 0 500 NOAO
	        597.27 13012.1891    13011.8   5.0 1 1 200 NOAO
	        610.74 12960.0669    12960.2   5.0 1 1 200 NOAO
	        617.17 12935.2063    12936.7   5.0 1 1 
	        650.55 12806.1562   12806.24   5.0 1 1 40 NOAO
	        667.30 12741.4186    12736.9   5.0 1 0 8 NOAO
	        676.56 12705.6796   12705.76   5.0 1 1 486   KH
	        732.11 12491.2089    12491.1   5.0 1 1 2995   KH
	        744.69 12442.7084    12442.7   5.0 1 1 500 NOAO
	        754.15 12406.2378    12406.2   5.0 1 1 300 NOAO
	        769.20   12348.21    12346.8   5.0 1 1 1000 NOAO
	        822.52 12142.8789     12143.   5.0 1 1 800 NOAO
	        829.54 12115.8759    12115.6   5.0 1 1 30 NOAO
	        945.10 11672.2254    11671.9   5.0 1 1 150 NOAO
	        992.57 11490.5083    11491.2   5.0 1 1 150 NOAO
	function chebyshev
	order 4
	sample *
	naverage 1
	niterate 10
	low_reject 3.
	high_reject 3.
	grow 0.
	coefficients	8
		1.
		4.
		5.18071174621582
		992.572509765625
		13395.59025292776
		-1908.798659421641
		2.477277647295624
		1.239400717815226

# Thu 15:21:42 25-Jul-2019
begin	identify wtfarc_comb[SCI,3][51,*]
	id	wtfarc_comb[SCI,3]
	task	identify
	image	wtfarc_comb[SCI,3][51,*]
	units	Angstroms
	features	36
	          5.12 15305.6533    15306.1   5.0 1 1 40 NOAO
	         38.47 15176.7735    15176.8   5.0 1 1 25 NOAO
	         71.11 15050.5581    15050.6   5.0 1 1 100 NOAO
	        150.71 14742.4499    14743.2   5.0 1 1 5 NOAO
	        162.00 14698.7337    14697.4   5.0 1 1 4 NOAO
	        174.54 14650.1642    14654.3   5.0 1 0 30 NOAO
	        187.17 14601.2399    14600.5   5.0 1 1 4 NOAO
	        276.31 14255.7489    14260.8   5.0 1 0 13 NOAO
	        317.12 14097.5403    14097.5   5.0 1 1 150 NOAO
	        364.60 13913.4304    13914.4   5.0 1 1 50 NOAO
	        386.19 13829.7227    13829.5   5.0 1 1 B NOAO
	        424.28 13682.0797    13682.3   5.0 1 1 1000 NOAO
	        438.71 13626.1468    13626.4   5.0 1 1 200 NOAO
	        444.72 13602.8631     13603.   5.0 1 1 B NOAO
	        451.23 13577.6198    13577.3   5.0 1 1 13 NOAO
	        458.72 13548.5958    13547.9   5.0 1 1 12 NOAO
	        469.13 13508.2488    13507.9   5.0 1 1 8 NOAO
	        494.52 13409.8789    13410.2   5.0 1 1 
	        504.67 13370.5583    13370.8   5.0 1 1 
	        518.61 13316.5483    13316.8   5.0 1 1 1000 NOAO
	        528.99 13276.3712    13276.3   5.0 1 1 
	        542.79  13222.936    13217.6   5.0 1 0 500 NOAO
	        597.24 13012.1876    13011.8   5.0 1 1 200 NOAO
	        610.72 12960.0508    12960.2   5.0 1 1 200 NOAO
	        617.15 12935.1738    12936.7   5.0 1 1 
	        650.52 12806.1535   12806.24   5.0 1 1 40 NOAO
	        667.28 12741.3951    12736.9   5.0 1 0 8 NOAO
	        676.53 12705.6698   12705.76   5.0 1 1 486   KH
	        732.09  12491.191    12491.1   5.0 1 1 2995   KH
	        744.65 12442.7349    12442.7   5.0 1 1 500 NOAO
	        754.12 12406.2355    12406.2   5.0 1 1 300 NOAO
	        769.18 12348.1617    12346.8   5.0 1 1 1000 NOAO
	        822.48 12142.9571     12143.   5.0 1 1 800 NOAO
	        829.51 12115.8857    12115.6   5.0 1 1 30 NOAO
	        945.13 11672.0529    11671.9   5.0 1 1 150 NOAO
	        992.53 11490.6331    11491.2   5.0 1 1 150 NOAO
	function chebyshev
	order 4
	sample *
	naverage 1
	niterate 10
	low_reject 3.
	high_reject 3.
	grow 0.
	coefficients	8
		1.
		4.
		5.122924327850341
		992.5325927734373
		13395.66635925881
		-1908.777522483769
		2.476876313062851
		1.267412637764344

# Thu 15:21:42 25-Jul-2019
begin	identify wtfarc_comb[SCI,3][49,*]
	id	wtfarc_comb[SCI,3]
	task	identify
	image	wtfarc_comb[SCI,3][49,*]
	units	Angstroms
	features	37
	          5.09 15305.6442    15306.1   5.0 1 1 40 NOAO
	         38.43 15176.8104    15176.8   5.0 1 1 25 NOAO
	         71.09 15050.5293    15050.6   5.0 1 1 100 NOAO
	        150.63 14742.6927    14743.2   5.0 1 1 5 NOAO
	        162.00 14698.6441    14697.4   5.0 1 1 4 NOAO
	        174.47 14650.3502    14654.3   5.0 1 0 30 NOAO
	        187.21  14601.006    14600.5   5.0 1 1 4 NOAO
	        276.27 14255.8208    14260.8   5.0 1 0 13 NOAO
	        317.09 14097.5652    14097.5   5.0 1 1 150 NOAO
	        364.57 13913.4825    13914.4   5.0 1 1 50 NOAO
	        386.15 13829.7939    13829.5   5.0 1 1 B NOAO
	        424.24 13682.1422    13682.3   5.0 1 1 1000 NOAO
	        438.68 13626.1548    13626.4   5.0 1 1 200 NOAO
	        444.70 13602.8074     13603.   5.0 1 1 B NOAO
	        451.20 13577.6258    13577.3   5.0 1 1 13 NOAO
	        458.71 13548.5149    13547.9   5.0 1 1 12 NOAO
	        469.10 13508.2548    13507.9   5.0 1 1 8 NOAO
	        494.48 13409.9153    13410.2   5.0 1 1 
	        504.65 13370.5296    13370.8   5.0 1 1 
	        518.59 13316.5346    13316.8   5.0 1 1 1000 NOAO
	        528.96 13276.3718    13276.3   5.0 1 1 
	        542.75 13222.9456    13217.6   5.0 1 0 500 NOAO
	        597.21 13012.1885    13011.8   5.0 1 1 200 NOAO
	        610.69 12960.0262    12960.2   5.0 1 1 200 NOAO
	        617.12 12935.1689    12936.7   5.0 1 1 
	        650.49 12806.1444   12806.24   5.0 1 1 40 NOAO
	        667.27 12741.3129    12736.9   5.0 1 0 8 NOAO
	        676.49 12705.6763   12705.76   5.0 1 1 486   KH
	        732.05 12491.2131    12491.1   5.0 1 1 2995   KH
	        744.63  12442.711    12442.7   5.0 1 1 500 NOAO
	        754.08 12406.2648    12406.2   5.0 1 1 300 NOAO
	        769.15 12348.1588    12346.8   5.0 1 1 1000 NOAO
	        822.44 12142.9746     12143.   5.0 1 1 800 NOAO
	        829.48 12115.9082    12115.6   5.0 1 1 30 NOAO
	        874.00 11944.7918    11947.1   5.0 1 0 150 NOAO
	        945.14 11671.9422    11671.9   5.0 1 1 150 NOAO
	        992.51 11490.7034    11491.2   5.0 1 1 B NOAO
	function chebyshev
	order 4
	sample *
	naverage 1
	niterate 10
	low_reject 3.
	high_reject 3.
	grow 0.
	coefficients	8
		1.
		4.
		5.088212490081787
		992.5098876953125
		13395.68084922424
		-1908.772894299163
		2.492943501541605
		1.302463210276578

# Thu 15:21:42 25-Jul-2019
begin	identify wtfarc_comb[SCI,3][47,*]
	id	wtfarc_comb[SCI,3]
	task	identify
	image	wtfarc_comb[SCI,3][47,*]
	units	Angstroms
	features	36
	          5.06 15305.7237    15306.1   5.0 1 1 40 NOAO
	         38.38  15176.957    15176.8   5.0 1 1 25 NOAO
	         71.07 15050.5757    15050.6   5.0 1 1 100 NOAO
	        150.42 14743.4604    14743.2   5.0 1 1 5 NOAO
	        174.44 14650.4318    14654.3   5.0 1 0 4 NOAO
	        187.22 14600.9334    14600.5   5.0 1 1 30 NOAO
	        276.22 14255.9568    14260.8   5.0 1 0 4 NOAO
	        317.07 14097.5654    14097.5   5.0 1 1 13 NOAO
	        364.54 13913.4927    13914.4   5.0 1 1 150 NOAO
	        386.11 13829.8468    13829.5   5.0 1 1 50 NOAO
	        424.20 13682.1854    13682.3   5.0 1 1 B NOAO
	        438.65 13626.1506    13626.4   5.0 1 1 1000 NOAO
	        444.68 13602.7748     13603.   5.0 1 1 200 NOAO
	        451.18 13577.6102    13577.3   5.0 1 1 B NOAO
	        458.69 13548.4828    13547.9   5.0 1 1 13 NOAO
	        469.07 13508.2455    13507.9   5.0 1 1 12 NOAO
	        494.45  13409.926    13410.2   5.0 1 1 8 NOAO
	        504.63 13370.4939    13370.8   5.0 1 1 
	        518.57 13316.4769    13316.8   5.0 1 1 
	        528.94 13276.3245    13276.3   5.0 1 1 1000 NOAO
	        542.74 13222.8704    13217.6   5.0 1 0 
	        597.19 13012.1105    13011.8   5.0 1 1 500 NOAO
	        610.66 12960.0182    12960.2   5.0 1 1 200 NOAO
	        617.10 12935.1034    12936.7   5.0 1 0 200 NOAO
	        650.47 12806.0868   12806.24   5.0 1 1 
	        667.23 12741.3479    12736.9   5.0 1 0 40 NOAO
	        676.46 12705.6676   12705.76   5.0 1 1 8 NOAO
	        732.03 12491.2022    12491.1   5.0 1 1 486   KH
	        744.60 12442.7076    12442.7   5.0 1 1 2995   KH
	        754.05 12406.2852    12406.2   5.0 1 1 500 NOAO
	        769.13 12348.1595    12346.8   5.0 1 0 300 NOAO
	        822.43 12142.9846     12143.   5.0 1 1 1000 NOAO
	        829.45 12115.9723    12115.6   5.0 1 1 800 NOAO
	        874.00 11944.7998    11947.1   5.0 1 0 30 NOAO
	        945.14 11672.0438    11671.9   5.0 1 1 150 NOAO
	        992.51 11490.8955    11491.2   5.0 1 1 150 NOAO
	function chebyshev
	order 4
	sample *
	naverage 1
	niterate 10
	low_reject 3.
	high_reject 3.
	grow 0.
	coefficients	8
		1.
		4.
		5.057402610778808
		992.5081176757812
		13395.71924383271
		-1908.769659667145
		2.590366607392061
		1.355524739280347

# Thu 15:21:42 25-Jul-2019
begin	identify wtfarc_comb[SCI,3][45,*]
	id	wtfarc_comb[SCI,3]
	task	identify
	image	wtfarc_comb[SCI,3][45,*]
	units	Angstroms
	features	36
	          5.09 15305.7954    15306.1   5.0 1 1 40 NOAO
	         38.46 15176.8991    15176.8   5.0 1 1 25 NOAO
	         71.13 15050.6115    15050.6   5.0 1 1 100 NOAO
	        150.53 14743.3538    14743.2   5.0 1 1 5 NOAO
	        174.30 14651.3192    14654.3   5.0 1 0 4 NOAO
	        187.35 14600.7735    14600.5   5.0 1 1 30 NOAO
	        276.26 14256.1771    14260.8   5.0 1 0 4 NOAO
	        317.14 14097.6961    14097.5   5.0 1 1 13 NOAO
	        364.61 13913.6304    13914.4   5.0 1 1 150 NOAO
	        386.18  13829.974    13829.5   5.0 1 1 50 NOAO
	        424.29  13682.236    13682.3   5.0 1 1 B NOAO
	        438.74 13626.2139    13626.4   5.0 1 1 1000 NOAO
	        444.77 13602.8373     13603.   5.0 1 1 200 NOAO
	        451.24 13577.7607    13577.3   5.0 1 1 B NOAO
	        458.77 13548.5633    13547.9   5.0 1 1 13 NOAO
	        469.24 13507.9875    13507.9   5.0 1 1 12 NOAO
	        494.53 13409.9625    13410.2   5.0 1 1 8 NOAO
	        504.71 13370.5289    13370.8   5.0 1 1 
	        518.66 13316.5089    13316.8   5.0 1 1 
	        529.02 13276.3719    13276.3   5.0 1 1 1000 NOAO
	        542.74 13223.2514    13217.6   5.0 1 0 
	        597.28 13012.1084    13011.8   5.0 1 1 500 NOAO
	        610.74 12960.0424    12960.2   5.0 1 1 200 NOAO
	        617.04 12935.6827    12936.7   5.0 1 1 200 NOAO
	        650.57  12806.043   12806.24   5.0 1 1 
	        667.24 12741.6301    12736.9   5.0 1 0 40 NOAO
	        676.57 12705.5936   12705.76   5.0 1 1 8 NOAO
	        732.14 12491.1329    12491.1   5.0 1 1 486   KH
	        744.71 12442.6224    12442.7   5.0 1 1 2995   KH
	        754.16 12406.2042    12406.2   5.0 1 1 500 NOAO
	        769.28  12347.959    12346.8   5.0 1 1 300 NOAO
	        822.55 12142.8975     12143.   5.0 1 1 1000 NOAO
	        829.57 12115.8818    12115.6   5.0 1 1 800 NOAO
	        874.00 11945.1913    11947.1   5.0 1 0 30 NOAO
	        945.26 11672.0357    11671.9   5.0 1 1 150 NOAO
	        992.66 11490.7918    11491.2   5.0 1 1 150 NOAO
	function chebyshev
	order 4
	sample *
	naverage 1
	niterate 10
	low_reject 3.
	high_reject 3.
	grow 0.
	coefficients	8
		1.
		4.
		5.085543155670166
		992.6638183593748
		13395.72009601348
		-1908.918840171219
		2.573471864508666
		1.417034301391162

# Thu 15:21:42 25-Jul-2019
begin	identify wtfarc_comb[SCI,3][43,*]
	id	wtfarc_comb[SCI,3]
	task	identify
	image	wtfarc_comb[SCI,3][43,*]
	units	Angstroms
	features	36
	          5.16  15305.868    15306.1   5.0 1 1 40 NOAO
	         38.58 15176.7891    15176.8   5.0 1 1 25 NOAO
	         71.24 15050.5979    15050.6   5.0 1 1 100 NOAO
	        150.51 14743.9237    14743.2   5.0 1 1 5 NOAO
	        174.29 14651.8286    14654.3   5.0 1 0 4 NOAO
	        187.63 14600.1549    14600.5   5.0 1 1 30 NOAO
	        276.38 14256.2387    14260.8   5.0 1 0 4 NOAO
	        317.25 14097.7603    14097.5   5.0 1 1 13 NOAO
	        364.72  13913.685    13914.4   5.0 1 1 150 NOAO
	        386.32 13829.9448    13829.5   5.0 1 1 50 NOAO
	        414.70 13719.9045    13722.3   5.0 1 0 B NOAO
	        424.43  13682.185    13682.3   5.0 1 1 1000 NOAO
	        438.87 13626.2159    13626.4   5.0 1 1 200 NOAO
	        444.88  13602.902     13603.   5.0 1 1 B NOAO
	        451.33 13577.9192    13577.3   5.0 1 1 13 NOAO
	        458.85 13548.7383    13547.9   5.0 1 1 12 NOAO
	        469.53  13507.368    13507.9   5.0 1 1 8 NOAO
	        494.68 13409.8939    13410.2   5.0 1 1 
	        504.84 13370.5195    13370.8   5.0 1 1 
	        518.79 13316.4892    13316.8   5.0 1 1 1000 NOAO
	        529.14 13276.4008    13276.3   5.0 1 1 
	        542.57 13224.4081    13217.6   5.0 1 0 500 NOAO
	        597.43 13012.0556    13011.8   5.0 1 1 200 NOAO
	        610.89 12959.9895    12960.2   5.0 1 1 200 NOAO
	        616.92 12936.6546    12936.7   5.0 1 1 
	        650.72 12805.9917   12806.24   5.0 1 1 40 NOAO
	        667.20 12742.2867    12736.9   5.0 1 0 8 NOAO
	        676.71 12705.5518   12705.76   5.0 1 1 486   KH
	        732.28 12491.0941    12491.1   5.0 1 1 2995   KH
	        744.85 12442.6036    12442.7   5.0 1 1 500 NOAO
	        754.31  12406.165    12406.2   5.0 1 1 300 NOAO
	        769.51 12347.5825    12346.8   5.0 1 1 1000 NOAO
	        822.69 12142.8945     12143.   5.0 1 1 800 NOAO
	        829.73 12115.8317    12115.6   5.0 1 1 30 NOAO
	        945.43  11672.029    11671.9   5.0 1 1 150 NOAO
	        992.82  11490.901    11491.2   5.0 1 1 150 NOAO
	function chebyshev
	order 4
	sample *
	naverage 1
	niterate 10
	low_reject 3.
	high_reject 3.
	grow 0.
	coefficients	8
		1.
		4.
		5.155460834503173
		992.8181762695313
		13395.79936188755
		-1908.957122475781
		2.585126549816417
		1.473628265258788

# Thu 15:21:42 25-Jul-2019
begin	identify wtfarc_comb[SCI,3][41,*]
	id	wtfarc_comb[SCI,3]
	task	identify
	image	wtfarc_comb[SCI,3][41,*]
	units	Angstroms
	features	35
	          5.18  15306.251    15306.1   5.0 1 1 40 NOAO
	         38.65 15177.1565    15176.8   5.0 1 1 25 NOAO
	         71.29  15051.144    15050.6   5.0 1 1 100 NOAO
	        174.25 14652.9293    14654.3   5.0 1 1 5 NOAO
	        188.09 14599.3233    14600.5   5.0 1 1 4 NOAO
	        276.43  14256.953    14260.8   5.0 1 0 30 NOAO
	        317.32 14098.3784    14097.5   5.0 1 1 4 NOAO
	        364.78 13914.2418    13914.4   5.0 1 1 13 NOAO
	        386.38 13830.4351    13829.5   5.0 1 1 150 NOAO
	        414.68 13720.6418    13722.3   5.0 1 1 50 NOAO
	        424.49 13682.5742    13682.3   5.0 1 1 B NOAO
	        438.92 13626.5942    13626.4   5.0 1 1 1000 NOAO
	        444.94 13603.2694     13603.   5.0 1 1 200 NOAO
	        451.36 13578.3427    13577.3   5.0 1 1 B NOAO
	        458.92 13549.0375    13547.9   5.0 1 1 13 NOAO
	        469.62 13507.5425    13507.9   5.0 1 1 12 NOAO
	        494.76 13410.0356    13410.2   5.0 1 1 8 NOAO
	        504.90 13370.7429    13370.8   5.0 1 1 
	        518.85 13316.6642    13316.8   5.0 1 1 
	        529.20  13276.563    13276.3   5.0 1 1 1000 NOAO
	        541.85 13227.5138    13217.6   5.0 1 0 
	        597.50 13012.0048    13011.8   5.0 1 1 500 NOAO
	        610.94 12959.9613    12960.2   5.0 1 1 200 NOAO
	        616.97 12936.6638    12936.7   5.0 1 1 200 NOAO
	        650.78 12805.8868   12806.24   5.0 1 1 
	        667.16 12742.5552    12736.9   5.0 1 0 40 NOAO
	        676.78 12705.4072   12705.76   5.0 1 1 8 NOAO
	        732.35  12490.893    12491.1   5.0 1 1 486   KH
	        744.91 12442.4376    12442.7   5.0 1 1 2995   KH
	        754.37 12405.9859    12406.2   5.0 1 1 500 NOAO
	        769.64 12347.1428    12346.8   5.0 1 1 300 NOAO
	        822.77 12142.7154     12143.   5.0 1 1 1000 NOAO
	        829.80 12115.7266    12115.6   5.0 1 1 800 NOAO
	        945.56 11672.1053    11671.9   5.0 1 1 30 NOAO
	        992.95 11491.3023    11491.2   5.0 1 1 150 NOAO
	function chebyshev
	order 4
	sample *
	naverage 1
	niterate 10
	low_reject 3.
	high_reject 3.
	grow 0.
	coefficients	8
		1.
		4.
		5.17825698852539
		992.947265625
		13396.07288326039
		-1909.308146556699
		2.70373556043123
		1.833810359474814

# Thu 15:21:42 25-Jul-2019
begin	identify wtfarc_comb[SCI,3][39,*]
	id	wtfarc_comb[SCI,3]
	task	identify
	image	wtfarc_comb[SCI,3][39,*]
	units	Angstroms
	features	35
	          5.26 15306.2476    15306.1   5.0 1 1 40 NOAO
	         38.80 15176.8695    15176.8   5.0 1 1 25 NOAO
	         71.39 15051.0062    15050.6   5.0 1 1 100 NOAO
	        174.20 14653.3547    14654.3   5.0 1 1 5 NOAO
	        188.00 14599.9016    14600.5   5.0 1 1 4 NOAO
	        276.53 14256.7862    14260.8   5.0 1 0 30 NOAO
	        317.43 14098.1443    14097.5   5.0 1 1 4 NOAO
	        364.90 13914.0142    13914.4   5.0 1 1 13 NOAO
	        386.50 13830.2288    13829.5   5.0 1 1 150 NOAO
	        414.63 13721.1001    13722.3   5.0 1 1 50 NOAO
	        424.61  13682.388    13682.3   5.0 1 1 B NOAO
	        439.02 13626.5089    13626.4   5.0 1 1 1000 NOAO
	        445.02 13603.2194     13603.   5.0 1 1 200 NOAO
	        451.45 13578.3005    13577.3   5.0 1 1 B NOAO
	        458.92 13549.3428    13547.9   5.0 1 1 13 NOAO
	        469.74 13507.3596    13507.9   5.0 1 1 12 NOAO
	        494.90 13409.8259    13410.2   5.0 1 1 8 NOAO
	        505.00 13370.6989    13370.8   5.0 1 1 
	        518.95  13316.603    13316.8   5.0 1 1 
	        529.31  13276.484    13276.3   5.0 1 1 1000 NOAO
	        541.58 13228.9483    13217.6   5.0 1 0 
	        597.65  13011.829    13011.8   5.0 1 1 500 NOAO
	        611.05 12959.9862    12960.2   5.0 1 1 200 NOAO
	        617.06 12936.7316    12936.7   5.0 1 1 200 NOAO
	        650.89 12805.9224   12806.24   5.0 1 1 
	        667.13 12743.1545    12736.9   5.0 1 0 40 NOAO
	        676.89 12705.4696   12705.76   5.0 1 1 8 NOAO
	        732.48 12490.9441    12491.1   5.0 1 1 486   KH
	        745.02 12442.6294    12442.7   5.0 1 1 2995   KH
	        754.50 12406.0831    12406.2   5.0 1 1 500 NOAO
	        769.88 12346.8595    12346.8   5.0 1 1 300 NOAO
	        822.93 12142.8259     12143.   5.0 1 1 1000 NOAO
	        829.93 12115.9207    12115.6   5.0 1 1 800 NOAO
	        945.73 11672.3337    11671.9   5.0 1 1 30 NOAO
	        993.28 11490.9668    11491.2   5.0 1 1 150 NOAO
	function chebyshev
	order 4
	sample *
	naverage 1
	niterate 10
	low_reject 3.
	high_reject 3.
	grow 0.
	coefficients	8
		1.
		4.
		5.258127689361572
		993.2843017578125
		13395.74747355106
		-1909.459017564214
		2.859762238783955
		1.818606951759003

# Thu 15:21:42 25-Jul-2019
begin	identify wtfarc_comb[SCI,3][37,*]
	id	wtfarc_comb[SCI,3]
	task	identify
	image	wtfarc_comb[SCI,3][37,*]
	units	Angstroms
	features	30
	          6.00 15305.4183    15306.1   5.0 1 1 40 NOAO
	         71.63 15051.4394    15050.6   5.0 1 1 25 NOAO
	        174.07 14654.5983    14654.3   5.0 1 1 100 NOAO
	        276.65 14256.8461    14260.8   5.0 1 0 5 NOAO
	        317.70 14097.6521    14097.5   5.0 1 1 4 NOAO
	        365.17 13913.5681    13914.4   5.0 1 1 30 NOAO
	        386.77 13829.8278    13829.5   5.0 1 1 4 NOAO
	        414.58 13721.9705    13722.3   5.0 1 1 13 NOAO
	        424.86 13682.1184    13682.3   5.0 1 1 150 NOAO
	        439.21 13626.5096    13626.4   5.0 1 1 50 NOAO
	        445.29 13602.9382     13603.   5.0 1 1 B NOAO
	        451.79 13577.7491    13577.3   5.0 1 1 1000 NOAO
	        469.93 13507.4517    13507.9   5.0 1 1 200 NOAO
	        495.17 13409.6728    13410.2   5.0 1 1 B NOAO
	        505.18 13370.8911    13370.8   5.0 1 1 13 NOAO
	        519.15 13316.7761    13316.8   5.0 1 1 12 NOAO
	        529.55 13276.5182    13276.3   5.0 1 1 8 NOAO
	        541.34 13230.8655    13217.6   5.0 1 0 
	        597.96 13011.7567    13011.8   5.0 1 1 
	        611.25 12960.3613    12960.2   5.0 1 1 1000 NOAO
	        617.25 12937.1753    12936.7   5.0 1 1 
	        651.11 12806.2865   12806.24   5.0 1 1 500 NOAO
	        666.69 12746.1182    12736.9   5.0 1 0 200 NOAO
	        677.12 12705.8257   12705.76   5.0 1 1 200 NOAO
	        732.76 12491.1181    12491.1   5.0 1 1 
	        745.23 12443.0601    12442.7   5.0 1 1 40 NOAO
	        754.77 12406.2748    12406.2   5.0 1 1 8 NOAO
	        770.27 12346.5711    12346.8   5.0 1 1 486   KH
	        823.32 12142.3773     12143.   5.0 1 1 2995   KH
	        830.21 12115.8934    12115.6   5.0 1 1 500 NOAO
	function chebyshev
	order 4
	sample *
	naverage 1
	niterate 10
	low_reject 3.
	high_reject 3.
	grow 0.
	coefficients	8
		1.
		4.
		5.999992370605468
		830.20556640625
		13709.49352120459
		-1595.469901372973
		1.162352740967776
		0.7074590515665252

# Thu 15:21:43 25-Jul-2019
begin	identify wtfarc_comb[SCI,3][67,*]
	id	wtfarc_comb[SCI,3]
	task	identify
	image	wtfarc_comb[SCI,3][67,*]
	units	Angstroms
	features	37
	          5.43 15305.5779    15306.1   5.0 1 1 40 NOAO
	         38.83 15176.8307    15176.8   5.0 1 1 25 NOAO
	         71.37 15051.2204    15050.6   5.0 1 1 100 NOAO
	        150.85 14743.9256    14743.2   5.0 1 1 5 NOAO
	        162.00 14700.7479    14697.4   5.0 1 1 4 NOAO
	        174.75 14651.3868    14654.3   5.0 1 1 30 NOAO
	        187.85 14600.6239    14600.5   5.0 1 1 4 NOAO
	        276.49  14256.974    14260.8   5.0 1 1 13 NOAO
	        317.37 14098.3542    14097.5   5.0 1 1 150 NOAO
	        364.83 13914.1528    13914.4   5.0 1 1 50 NOAO
	        386.44 13830.2485    13829.5   5.0 1 1 B NOAO
	        424.66 13681.9098    13682.3   5.0 1 1 1000 NOAO
	        438.93  13626.531    13626.4   5.0 1 1 200 NOAO
	        444.91 13603.3205     13603.   5.0 1 1 B NOAO
	        451.49  13577.794    13577.3   5.0 1 1 13 NOAO
	        459.10 13548.2637    13547.9   5.0 1 1 12 NOAO
	        469.26 13508.8426    13507.9   5.0 1 1 8 NOAO
	        494.74   13409.98    13410.2   5.0 1 1 
	        504.88 13370.6583    13370.8   5.0 1 1 
	        518.87 13316.3848    13316.8   5.0 1 1 1000 NOAO
	        529.21 13276.2883    13276.3   5.0 1 1 
	        542.98 13222.8934    13217.6   5.0 1 0 500 NOAO
	        597.51 13011.6271    13011.8   5.0 1 1 200 NOAO
	        610.92 12959.7105    12960.2   5.0 1 1 200 NOAO
	        616.89 12936.6191    12936.7   5.0 1 1 
	        650.74 12805.6469   12806.24   5.0 1 1 40 NOAO
	        667.53 12740.7515    12736.9   5.0 1 1 8 NOAO
	        676.77  12705.041   12705.76   5.0 1 1 486   KH
	        732.38 12490.3851    12491.1   5.0 1 1 2995   KH
	        744.86 12442.2865    12442.7   5.0 1 1 500 NOAO
	        754.42 12405.4413    12406.2   5.0 1 1 300 NOAO
	        769.38  12347.795    12346.8   5.0 1 1 1000 NOAO
	        822.72 12142.6399     12143.   5.0 1 1 800 NOAO
	        829.75 12115.6149    12115.6   5.0 1 1 30 NOAO
	        874.00 11945.8832    11947.1   5.0 1 1 150 NOAO
	        945.73 11671.5577    11671.9   5.0 1 1 150 NOAO
	        992.81 11492.1848    11491.2   5.0 1 1 B NOAO
	function chebyshev
	order 4
	sample *
	naverage 1
	niterate 10
	low_reject 3.
	high_reject 3.
	grow 0.
	coefficients	8
		1.
		4.
		5.429042816162109
		992.8063354492186
		13395.93804251885
		-1908.762177820723
		2.943284814990552
		2.06564279734206

# Thu 15:21:43 25-Jul-2019
begin	identify wtfarc_comb[SCI,3][69,*]
	id	wtfarc_comb[SCI,3]
	task	identify
	image	wtfarc_comb[SCI,3][69,*]
	units	Angstroms
	features	36
	          5.49 15305.4557    15306.1   5.0 1 1 40 NOAO
	         38.86  15176.804    15176.8   5.0 1 1 25 NOAO
	         71.40  15051.202    15050.6   5.0 1 1 100 NOAO
	        150.81 14744.1675    14743.2   5.0 1 1 5 NOAO
	        162.00 14700.8549    14697.4   5.0 1 1 4 NOAO
	        174.74 14651.5302    14654.3   5.0 1 1 30 NOAO
	        187.93 14600.4377    14600.5   5.0 1 1 4 NOAO
	        276.53 14256.9488    14260.8   5.0 1 1 13 NOAO
	        317.40 14098.3569    14097.5   5.0 1 1 150 NOAO
	        364.86 13914.1417    13914.4   5.0 1 1 50 NOAO
	        386.48 13830.2195    13829.5   5.0 1 1 B NOAO
	        424.70 13681.8694    13682.3   5.0 1 1 1000 NOAO
	        438.96 13626.5245    13626.4   5.0 1 1 200 NOAO
	        444.95  13603.292     13603.   5.0 1 1 B NOAO
	        451.53 13577.7505    13577.3   5.0 1 1 13 NOAO
	        459.13  13548.239    13547.9   5.0 1 1 12 NOAO
	        469.27  13508.922    13507.9   5.0 1 1 8 NOAO
	        494.77 13409.9941    13410.2   5.0 1 1 
	        504.90 13370.6687    13370.8   5.0 1 1 
	        518.88 13316.4633    13316.8   5.0 1 1 1000 NOAO
	        529.25 13276.2669    13276.3   5.0 1 1 
	        543.01 13222.9081    13217.6   5.0 1 0 500 NOAO
	        597.54 13011.6279    13011.8   5.0 1 1 200 NOAO
	        610.95    12959.7    12960.2   5.0 1 1 200 NOAO
	        616.93 12936.5701    12936.7   5.0 1 1 
	        650.78 12805.6058   12806.24   5.0 1 1 40 NOAO
	        667.56 12740.7263    12736.9   5.0 1 1 8 NOAO
	        676.79 12705.0265   12705.76   5.0 1 1 486   KH
	        732.43 12490.2306    12491.1   5.0 1 1 2995   KH
	        744.88 12442.2301    12442.7   5.0 1 1 500 NOAO
	        754.45 12405.3382    12406.2   5.0 1 1 300 NOAO
	        769.39 12347.7518    12346.8   5.0 1 1 1000 NOAO
	        822.75 12142.4865     12143.   5.0 1 1 800 NOAO
	        829.80 12115.3951    12115.6   5.0 1 1 30 NOAO
	        945.70 11671.4811    11671.9   5.0 1 1 150 NOAO
	        992.82 11491.8208    11491.2   5.0 1 1 150 NOAO
	function chebyshev
	order 4
	sample *
	naverage 1
	niterate 10
	low_reject 3.
	high_reject 3.
	grow 0.
	coefficients	8
		1.
		4.
		5.493499279022216
		992.8211059570312
		13395.79839218034
		-1908.840592855335
		2.839821405265234
		2.02315090225351

# Thu 15:21:43 25-Jul-2019
begin	identify wtfarc_comb[SCI,3][71,*]
	id	wtfarc_comb[SCI,3]
	task	identify
	image	wtfarc_comb[SCI,3][71,*]
	units	Angstroms
	features	36
	          5.53 15305.4162    15306.1   5.0 1 1 40 NOAO
	         38.89 15176.7963    15176.8   5.0 1 1 25 NOAO
	         71.44 15051.1383    15050.6   5.0 1 1 100 NOAO
	        150.80 14744.2965    14743.2   5.0 1 1 5 NOAO
	        162.00 14700.9445    14697.4   5.0 1 1 4 NOAO
	        174.72 14651.6819    14654.3   5.0 1 1 30 NOAO
	        187.99  14600.276    14600.5   5.0 1 1 4 NOAO
	        276.56 14256.9203    14260.8   5.0 1 1 13 NOAO
	        317.43 14098.3484    14097.5   5.0 1 1 150 NOAO
	        364.90 13914.0946    13914.4   5.0 1 1 50 NOAO
	        386.51 13830.2116    13829.5   5.0 1 1 B NOAO
	        424.73 13681.8625    13682.3   5.0 1 1 1000 NOAO
	        438.99   13626.52    13626.4   5.0 1 1 200 NOAO
	        444.97 13603.3176     13603.   5.0 1 1 B NOAO
	        451.56  13577.729    13577.3   5.0 1 1 13 NOAO
	        459.16 13548.2524    13547.9   5.0 1 1 12 NOAO
	        469.29 13508.9634    13507.9   5.0 1 1 8 NOAO
	        494.80 13409.9635    13410.2   5.0 1 1 
	        504.94 13370.6394    13370.8   5.0 1 1 
	        518.93  13316.387    13316.8   5.0 1 1 1000 NOAO
	        529.28 13276.2548    13276.3   5.0 1 1 
	        543.04 13222.9021    13217.6   5.0 1 0 500 NOAO
	        597.56 13011.6558    13011.8   5.0 1 1 200 NOAO
	        610.98  12959.707    12960.2   5.0 1 1 200 NOAO
	        616.96 12936.5547    12936.7   5.0 1 1 
	        650.81  12805.596   12806.24   5.0 1 1 40 NOAO
	        667.58 12740.7603    12736.9   5.0 1 1 8 NOAO
	        676.82 12705.0427   12705.76   5.0 1 1 486   KH
	        732.47 12490.1966    12491.1   5.0 1 1 2995   KH
	        744.90 12442.2579    12442.7   5.0 1 1 500 NOAO
	        754.47 12405.3738    12406.2   5.0 1 1 300 NOAO
	        769.41 12347.8181    12346.8   5.0 1 1 1000 NOAO
	        822.78 12142.4656     12143.   5.0 1 1 800 NOAO
	        829.84 12115.3585    12115.6   5.0 1 1 30 NOAO
	        945.71 11671.5274    11671.9   5.0 1 1 150 NOAO
	        992.86 11491.7713    11491.2   5.0 1 1 150 NOAO
	function chebyshev
	order 4
	sample *
	naverage 1
	niterate 10
	low_reject 3.
	high_reject 3.
	grow 0.
	coefficients	8
		1.
		4.
		5.525482177734375
		992.8580322265625
		13395.76746776454
		-1908.838335223136
		2.826301837152437
		2.015859222566146

# Thu 15:21:43 25-Jul-2019
begin	identify wtfarc_comb[SCI,3][73,*]
	id	wtfarc_comb[SCI,3]
	task	identify
	image	wtfarc_comb[SCI,3][73,*]
	units	Angstroms
	features	37
	          5.57 15305.1706    15306.1   5.0 1 1 40 NOAO
	         38.91 15176.7179    15176.8   5.0 1 1 25 NOAO
	         71.47 15051.0967    15050.6   5.0 1 1 100 NOAO
	        150.76  14744.607    14743.2   5.0 1 1 5 NOAO
	        162.00 14701.1147    14697.4   5.0 1 1 4 NOAO
	        174.68 14652.0238    14654.3   5.0 1 1 30 NOAO
	        188.03 14600.3325    14600.5   5.0 1 1 4 NOAO
	        276.60 14257.0044    14260.8   5.0 1 1 13 NOAO
	        317.46 14098.4787    14097.5   5.0 1 1 150 NOAO
	        364.93 13914.2619    13914.4   5.0 1 1 50 NOAO
	        386.55 13830.3279    13829.5   5.0 1 1 B NOAO
	        415.08 13719.6015    13722.3   5.0 1 1 1000 NOAO
	        424.76 13682.0276    13682.3   5.0 1 1 200 NOAO
	        439.02 13626.6652    13626.4   5.0 1 1 B NOAO
	        445.01 13603.4097     13603.   5.0 1 1 13 NOAO
	        451.59 13577.8868    13577.3   5.0 1 1 12 NOAO
	        459.16 13548.4849    13547.9   5.0 1 1 8 NOAO
	        469.30 13509.1427    13507.9   5.0 1 1 
	        494.84 13410.0555    13410.2   5.0 1 1 
	        504.97 13370.7539    13370.8   5.0 1 1 1000 NOAO
	        518.97 13316.4545    13316.8   5.0 1 1 
	        529.30 13276.3895    13276.3   5.0 1 1 500 NOAO
	        543.08 13222.9626    13217.6   5.0 1 0 200 NOAO
	        597.60 13011.7104    13011.8   5.0 1 1 200 NOAO
	        611.01  12959.804    12960.2   5.0 1 1 
	        617.01 12936.5453    12936.7   5.0 1 1 40 NOAO
	        650.83 12805.6854   12806.24   5.0 1 1 8 NOAO
	        667.60 12740.8398    12736.9   5.0 1 1 486   KH
	        676.85 12705.0997   12705.76   5.0 1 1 2995   KH
	        732.50 12490.2212    12491.1   5.0 1 1 500 NOAO
	        744.93 12442.3035    12442.7   5.0 1 1 300 NOAO
	        754.50 12405.4084    12406.2   5.0 1 1 1000 NOAO
	        769.45 12347.8009    12346.8   5.0 1 1 800 NOAO
	        822.81 12142.4868     12143.   5.0 1 1 30 NOAO
	        829.87 12115.3539    12115.6   5.0 1 1 150 NOAO
	        945.84 11671.1928    11671.9   5.0 1 1 150 NOAO
	        992.86 11491.9402    11491.2   5.0 1 1 B NOAO
	function chebyshev
	order 4
	sample *
	naverage 1
	niterate 10
	low_reject 3.
	high_reject 3.
	grow 0.
	coefficients	8
		1.
		4.
		5.574684143066406
		992.8556518554687
		13395.82164346556
		-1908.694577795058
		2.733783231765643
		2.079369315685668

# Thu 15:21:43 25-Jul-2019
begin	identify wtfarc_comb[SCI,3][75,*]
	id	wtfarc_comb[SCI,3]
	task	identify
	image	wtfarc_comb[SCI,3][75,*]
	units	Angstroms
	features	36
	          5.61 15305.6071    15306.1   5.0 1 1 40 NOAO
	         38.92 15176.9322    15176.8   5.0 1 1 25 NOAO
	         71.52 15050.8846    15050.6   5.0 1 1 100 NOAO
	        150.74 14744.2631    14743.2   5.0 1 1 5 NOAO
	        162.24 14699.6832    14697.4   5.0 1 0 4 NOAO
	        174.64 14651.6423    14654.3   5.0 1 0 30 NOAO
	        188.07  14599.634    14600.5   5.0 1 1 4 NOAO
	        276.64 14256.2084    14260.8   5.0 1 0 13 NOAO
	        317.50 14097.7451    14097.5   5.0 1 1 150 NOAO
	        364.94 13913.6995    13914.4   5.0 1 1 50 NOAO
	        386.59 13829.7206    13829.5   5.0 1 1 B NOAO
	        424.78 13681.5963    13682.3   5.0 1 1 1000 NOAO
	        439.05 13626.2845    13626.4   5.0 1 1 200 NOAO
	        445.05 13603.0047     13603.   5.0 1 1 B NOAO
	        451.61 13577.5764    13577.3   5.0 1 1 13 NOAO
	        459.15 13548.3357    13547.9   5.0 1 1 12 NOAO
	        469.31 13508.9557    13507.9   5.0 1 1 8 NOAO
	        494.86 13409.9169    13410.2   5.0 1 1 
	        504.99  13370.629    13370.8   5.0 1 1 
	        519.00  13316.368    13316.8   5.0 1 1 1000 NOAO
	        529.34 13276.3125    13276.3   5.0 1 1 
	        543.11  13222.952    13217.6   5.0 1 0 500 NOAO
	        597.64 13011.8359    13011.8   5.0 1 1 200 NOAO
	        611.03  12960.035    12960.2   5.0 1 1 200 NOAO
	        617.05 12936.7652    12936.7   5.0 1 1 
	        650.86 12806.0125   12806.24   5.0 1 1 40 NOAO
	        667.64 12741.2045    12736.9   5.0 1 0 8 NOAO
	        676.88 12705.5108   12705.76   5.0 1 1 486   KH
	        732.53 12490.7045    12491.1   5.0 1 1 2995   KH
	        744.94 12442.8437    12442.7   5.0 1 1 500 NOAO
	        754.53  12405.913    12406.2   5.0 1 1 300 NOAO
	        769.47   12348.32    12346.8   5.0 1 1 1000 NOAO
	        822.84 12142.9491     12143.   5.0 1 1 800 NOAO
	        829.92 12115.7271    12115.6   5.0 1 1 30 NOAO
	        945.92 11670.9436    11671.9   5.0 1 1 150 NOAO
	        992.85 11491.6737    11491.2   5.0 1 1 150 NOAO
	function chebyshev
	order 4
	sample *
	naverage 1
	niterate 10
	low_reject 3.
	high_reject 3.
	grow 0.
	coefficients	8
		1.
		4.
		5.608040809631347
		992.8519897460937
		13395.80438979491
		-1908.492047377561
		2.836007064572644
		1.525339258136504

# Thu 15:21:43 25-Jul-2019
begin	identify wtfarc_comb[SCI,3][77,*]
	id	wtfarc_comb[SCI,3]
	task	identify
	image	wtfarc_comb[SCI,3][77,*]
	units	Angstroms
	features	36
	          5.64 15305.4817    15306.1   5.0 1 1 40 NOAO
	         38.94 15176.7911    15176.8   5.0 1 1 25 NOAO
	         71.57 15050.5955    15050.6   5.0 1 1 100 NOAO
	        150.76 14744.0223    14743.2   5.0 1 1 5 NOAO
	        162.37 14699.0467    14697.4   5.0 1 1 4 NOAO
	        174.64 14651.5186    14654.3   5.0 1 0 30 NOAO
	        188.10 14599.3554    14600.5   5.0 1 1 4 NOAO
	        276.70 14255.8804    14260.8   5.0 1 0 13 NOAO
	        317.54 14097.4936    14097.5   5.0 1 1 150 NOAO
	        364.97 13913.5414    13914.4   5.0 1 1 50 NOAO
	        386.61 13829.5835    13829.5   5.0 1 1 B NOAO
	        424.74 13681.7473    13682.3   5.0 1 1 1000 NOAO
	        439.08 13626.1652    13626.4   5.0 1 1 200 NOAO
	        445.07 13602.9242     13603.   5.0 1 1 B NOAO
	        451.63 13577.4919    13577.3   5.0 1 1 13 NOAO
	        459.15 13548.3564    13547.9   5.0 1 1 12 NOAO
	        469.32 13508.9365    13507.9   5.0 1 1 8 NOAO
	        494.88 13409.8837    13410.2   5.0 1 1 
	        505.03 13370.5556    13370.8   5.0 1 1 
	        519.03 13316.3025    13316.8   5.0 1 1 1000 NOAO
	        529.38 13276.2316    13276.3   5.0 1 1 
	        543.13 13222.9538    13217.6   5.0 1 0 500 NOAO
	        597.68 13011.8205    13011.8   5.0 1 1 200 NOAO
	        611.06 12960.0483    12960.2   5.0 1 1 200 NOAO
	        617.09 12936.7607    12936.7   5.0 1 1 
	        650.90 12806.0467   12806.24   5.0 1 1 40 NOAO
	        667.67  12741.256    12736.9   5.0 1 0 8 NOAO
	        676.90 12705.5907   12705.76   5.0 1 1 486   KH
	        732.56 12490.7795    12491.1   5.0 1 1 2995   KH
	        744.96 12442.9713    12442.7   5.0 1 1 500 NOAO
	        754.56 12405.9574    12406.2   5.0 1 1 300 NOAO
	        769.50 12348.3963    12346.8   5.0 1 1 1000 NOAO
	        822.86 12143.0609     12143.   5.0 1 1 800 NOAO
	        829.97 12115.7123    12115.6   5.0 1 1 30 NOAO
	        945.95 11670.8746    11671.9   5.0 1 1 150 NOAO
	        992.86 11491.5745    11491.2   5.0 1 1 150 NOAO
	function chebyshev
	order 4
	sample *
	naverage 1
	niterate 10
	low_reject 3.
	high_reject 3.
	grow 0.
	coefficients	8
		1.
		4.
		5.642335891723632
		992.8590698242187
		13395.7311724056
		-1908.355313755014
		2.796932909115452
		1.401745208749121

# Thu 15:21:43 25-Jul-2019
begin	identify wtfarc_comb[SCI,3][79,*]
	id	wtfarc_comb[SCI,3]
	task	identify
	image	wtfarc_comb[SCI,3][79,*]
	units	Angstroms
	features	36
	          5.67 15305.5648    15306.1   5.0 1 1 40 NOAO
	         38.96  15176.913    15176.8   5.0 1 1 25 NOAO
	         71.60 15050.6548    15050.6   5.0 1 1 100 NOAO
	        150.79 14744.1233    14743.2   5.0 1 1 5 NOAO
	        162.65 14698.1753    14697.4   5.0 1 1 4 NOAO
	        174.71 14651.4521    14654.3   5.0 1 0 30 NOAO
	        188.09 14599.5862    14600.5   5.0 1 1 4 NOAO
	        276.74  14255.882    14260.8   5.0 1 0 13 NOAO
	        317.57 14097.5389    14097.5   5.0 1 1 150 NOAO
	        365.00 13913.5981    13914.4   5.0 1 1 50 NOAO
	        386.64 13829.6493    13829.5   5.0 1 1 B NOAO
	        424.76 13681.8309    13682.3   5.0 1 1 1000 NOAO
	        439.10 13626.2239    13626.4   5.0 1 1 200 NOAO
	        445.10 13602.9704     13603.   5.0 1 1 B NOAO
	        451.67 13577.5097    13577.3   5.0 1 1 13 NOAO
	        459.18 13548.3833    13547.9   5.0 1 1 12 NOAO
	        469.35 13508.9674    13507.9   5.0 1 1 8 NOAO
	        494.91 13409.9025    13410.2   5.0 1 1 
	        505.05  13370.592    13370.8   5.0 1 1 
	        519.06 13316.3193    13316.8   5.0 1 1 1000 NOAO
	        529.41 13276.2488    13276.3   5.0 1 1 
	        543.15 13223.0054    13217.6   5.0 1 0 500 NOAO
	        597.72 13011.7885    13011.8   5.0 1 1 200 NOAO
	        611.09 12960.0599    12960.2   5.0 1 1 200 NOAO
	        617.15 12936.6385    12936.7   5.0 1 1 
	        650.93 12806.0312   12806.24   5.0 1 1 40 NOAO
	        667.70  12741.224    12736.9   5.0 1 0 8 NOAO
	        676.93 12705.5785   12705.76   5.0 1 1 486   KH
	        732.57 12490.8142    12491.1   5.0 1 1 2995   KH
	        744.99 12442.9511    12442.7   5.0 1 1 500 NOAO
	        754.59 12405.9307    12406.2   5.0 1 1 300 NOAO
	        769.55 12348.3145    12346.8   5.0 1 1 1000 NOAO
	        822.88 12143.0513     12143.   5.0 1 1 800 NOAO
	        830.01  12115.638    12115.6   5.0 1 1 30 NOAO
	        945.96 11670.9438    11671.9   5.0 1 1 150 NOAO
	        992.88 11491.6079    11491.2   5.0 1 1 150 NOAO
	function chebyshev
	order 4
	sample *
	naverage 1
	niterate 10
	low_reject 3.
	high_reject 3.
	grow 0.
	coefficients	8
		1.
		4.
		5.6654634475708
		992.8794555664062
		13395.7872466388
		-1908.405625034022
		2.799125354651883
		1.427189565771966

# Thu 15:21:43 25-Jul-2019
begin	identify wtfarc_comb[SCI,3][81,*]
	id	wtfarc_comb[SCI,3]
	task	identify
	image	wtfarc_comb[SCI,3][81,*]
	units	Angstroms
	features	37
	          5.65 15305.5576    15306.1   5.0 1 1 40 NOAO
	         38.94 15176.9386    15176.8   5.0 1 1 25 NOAO
	         71.60 15050.6354    15050.6   5.0 1 1 100 NOAO
	        150.79 14744.0943    14743.2   5.0 1 1 5 NOAO
	        162.67 14698.0419    14697.4   5.0 1 1 4 NOAO
	        174.69 14651.5081    14654.3   5.0 1 0 30 NOAO
	        188.04 14599.7738    14600.5   5.0 1 1 4 NOAO
	        276.78 14255.7343    14260.8   5.0 1 0 13 NOAO
	        317.57 14097.5353    14097.5   5.0 1 1 150 NOAO
	        364.98 13913.6297    13914.4   5.0 1 1 50 NOAO
	        386.63  13829.664    13829.5   5.0 1 1 B NOAO
	        415.03 13719.5294    13722.3   5.0 1 0 1000 NOAO
	        424.75 13681.8447    13682.3   5.0 1 1 200 NOAO
	        439.10 13626.2338    13626.4   5.0 1 1 B NOAO
	        445.10 13602.9419     13603.   5.0 1 1 13 NOAO
	        451.66 13577.5316    13577.3   5.0 1 1 12 NOAO
	        459.20 13548.2733    13547.9   5.0 1 1 8 NOAO
	        469.37 13508.8835    13507.9   5.0 1 1 
	        494.91 13409.9024    13410.2   5.0 1 1 
	        505.05 13370.5936    13370.8   5.0 1 1 1000 NOAO
	        519.04 13316.4048    13316.8   5.0 1 1 
	        529.39 13276.2851    13276.3   5.0 1 1 500 NOAO
	        543.21 13222.7759    13217.6   5.0 1 0 200 NOAO
	        597.72 13011.7741    13011.8   5.0 1 1 200 NOAO
	        611.09  12960.047    12960.2   5.0 1 1 
	        617.14 12936.6473    12936.7   5.0 1 1 40 NOAO
	        650.93 12806.0197   12806.24   5.0 1 1 8 NOAO
	        667.74 12741.0641    12736.9   5.0 1 0 486   KH
	        676.92 12705.5907   12705.76   5.0 1 1 2995   KH
	        732.55 12490.8883    12491.1   5.0 1 1 500 NOAO
	        744.99 12442.9344    12442.7   5.0 1 1 300 NOAO
	        754.59 12405.9467    12406.2   5.0 1 1 1000 NOAO
	        769.58 12348.1907    12346.8   5.0 1 1 800 NOAO
	        822.87 12143.0852     12143.   5.0 1 1 30 NOAO
	        830.01 12115.6329    12115.6   5.0 1 1 150 NOAO
	        945.93  11671.044    11671.9   5.0 1 1 150 NOAO
	        992.90 11491.5335    11491.2   5.0 1 1 B NOAO
	function chebyshev
	order 4
	sample *
	naverage 1
	niterate 10
	low_reject 3.
	high_reject 3.
	grow 0.
	coefficients	8
		1.
		4.
		5.654001712799072
		992.8956298828124
		13395.75811060298
		-1908.442745029199
		2.787477845387127
		1.430703828017658

# Thu 15:21:43 25-Jul-2019
begin	identify wtfarc_comb[SCI,3][83,*]
	id	wtfarc_comb[SCI,3]
	task	identify
	image	wtfarc_comb[SCI,3][83,*]
	units	Angstroms
	features	37
	          5.50 15305.7191    15306.1   5.0 1 1 40 NOAO
	         38.81 15177.0282    15176.8   5.0 1 1 25 NOAO
	         71.45 15050.8101    15050.6   5.0 1 1 100 NOAO
	        150.62 14744.3325    14743.2   5.0 1 1 5 NOAO
	        163.00 14696.3766    14697.4   5.0 1 1 4 NOAO
	        174.33 14652.4619    14654.3   5.0 1 0 30 NOAO
	        187.78 14600.3482    14600.5   5.0 1 1 4 NOAO
	        276.74 14255.4528    14260.8   5.0 1 0 13 NOAO
	        317.40 14097.7304    14097.5   5.0 1 1 150 NOAO
	        364.87 13913.6063    13914.4   5.0 1 1 50 NOAO
	        386.47 13829.8114    13829.5   5.0 1 1 B NOAO
	        414.78 13719.9825    13722.3   5.0 1 0 1000 NOAO
	        424.58 13681.9903    13682.3   5.0 1 1 200 NOAO
	        438.95 13626.2669    13626.4   5.0 1 1 B NOAO
	        444.92 13603.0995     13603.   5.0 1 1 13 NOAO
	        451.50 13577.6052    13577.3   5.0 1 1 12 NOAO
	        459.09 13548.1684    13547.9   5.0 1 1 8 NOAO
	        469.24 13508.8011    13507.9   5.0 1 1 
	        494.76  13409.889    13410.2   5.0 1 1 
	        504.90 13370.6037    13370.8   5.0 1 1 1000 NOAO
	        518.87 13316.4551    13316.8   5.0 1 1 
	        529.23 13276.3338    13276.3   5.0 1 1 500 NOAO
	        543.35 13221.6214    13217.6   5.0 1 0 200 NOAO
	        597.54 13011.8402    13011.8   5.0 1 1 200 NOAO
	        610.94 12959.9643    12960.2   5.0 1 1 
	        616.89 12936.9681    12936.7   5.0 1 1 40 NOAO
	        650.79 12805.8754   12806.24   5.0 1 1 8 NOAO
	        667.77 12740.2678    12736.9   5.0 1 0 486   KH
	        676.78 12705.4553   12705.76   5.0 1 1 2995   KH
	        732.35 12490.9341    12491.1   5.0 1 1 500 NOAO
	        744.84 12442.7898    12442.7   5.0 1 1 300 NOAO
	        754.39 12405.9772    12406.2   5.0 1 1 1000 NOAO
	        769.44 12347.9555    12346.8   5.0 1 1 800 NOAO
	        822.71 12142.9245     12143.   5.0 1 1 30 NOAO
	        829.84 12115.5021    12115.6   5.0 1 1 150 NOAO
	        945.56 11671.6665    11671.9   5.0 1 1 150 NOAO
	        992.76 11491.2712    11491.2   5.0 1 1 B NOAO
	function chebyshev
	order 4
	sample *
	naverage 1
	niterate 10
	low_reject 3.
	high_reject 3.
	grow 0.
	coefficients	8
		1.
		4.
		5.498463630676269
		992.7623901367187
		13395.72541507534
		-1908.702679133418
		2.769696181645236
		1.478735351099293

# Thu 15:21:43 25-Jul-2019
begin	identify wtfarc_comb[SCI,3][85,*]
	id	wtfarc_comb[SCI,3]
	task	identify
	image	wtfarc_comb[SCI,3][85,*]
	units	Angstroms
	features	35
	          5.38 15305.9337    15306.1   5.0 1 1 40 NOAO
	         38.73 15177.0834    15176.8   5.0 1 1 25 NOAO
	         71.38 15050.8333    15050.6   5.0 1 1 100 NOAO
	        150.00 14746.5359    14743.2   5.0 1 0 5 NOAO
	        174.06 14653.3082    14654.3   5.0 1 1 4 NOAO
	        187.60 14600.8443    14600.5   5.0 1 1 30 NOAO
	        276.74 14255.2584    14260.8   5.0 1 0 4 NOAO
	        317.33 14097.8256    14097.5   5.0 1 1 13 NOAO
	        364.81 13913.6133    13914.4   5.0 1 1 150 NOAO
	        386.38 13829.9501    13829.5   5.0 1 1 50 NOAO
	        424.49 13682.1409    13682.3   5.0 1 1 B NOAO
	        438.88 13626.2994    13626.4   5.0 1 1 1000 NOAO
	        444.84 13603.1948     13603.   5.0 1 1 200 NOAO
	        451.44 13577.6163    13577.3   5.0 1 1 B NOAO
	        459.04  13548.146    13547.9   5.0 1 1 13 NOAO
	        469.20 13508.7363    13507.9   5.0 1 1 12 NOAO
	        494.70 13409.8778    13410.2   5.0 1 1 8 NOAO
	        504.83 13370.6385    13370.8   5.0 1 1 
	        518.81  13316.448    13316.8   5.0 1 1 
	        529.15 13276.3797    13276.3   5.0 1 1 1000 NOAO
	        543.39 13221.2206    13217.6   5.0 1 0 
	        597.45 13011.8972    13011.8   5.0 1 1 500 NOAO
	        610.87 12959.9635    12960.2   5.0 1 1 200 NOAO
	        616.81 12936.9934    12936.7   5.0 1 1 200 NOAO
	        650.72 12805.8455   12806.24   5.0 1 1 
	        667.78 12739.8769    12736.9   5.0 1 0 40 NOAO
	        676.71 12705.4073   12705.76   5.0 1 1 8 NOAO
	        732.25 12490.9594    12491.1   5.0 1 1 486   KH
	        744.76 12442.7087    12442.7   5.0 1 1 2995   KH
	        754.30 12405.9497    12406.2   5.0 1 1 500 NOAO
	        769.38 12347.8063    12346.8   5.0 1 1 300 NOAO
	        822.64 12142.7713     12143.   5.0 1 1 1000 NOAO
	        829.77  12115.377    12115.6   5.0 1 1 800 NOAO
	        945.28 11672.2301    11671.9   5.0 1 1 30 NOAO
	        992.69 11491.0212    11491.2   5.0 1 1 150 NOAO
	function chebyshev
	order 4
	sample *
	naverage 1
	niterate 10
	low_reject 3.
	high_reject 3.
	grow 0.
	coefficients	8
		1.
		4.
		5.379515171051025
		992.6866455078124
		13395.78450968925
		-1908.943167675054
		2.69296100932952
		1.486893681649273

# Thu 15:21:43 25-Jul-2019
begin	identify wtfarc_comb[SCI,3][87,*]
	id	wtfarc_comb[SCI,3]
	task	identify
	image	wtfarc_comb[SCI,3][87,*]
	units	Angstroms
	features	36
	          5.23 15306.1188    15306.1   5.0 1 1 40 NOAO
	         38.64 15177.0591    15176.8   5.0 1 1 25 NOAO
	         71.30 15050.8007    15050.6   5.0 1 1 100 NOAO
	        150.00 14746.2078    14743.2   5.0 1 0 5 NOAO
	        173.78 14654.0809    14654.3   5.0 1 1 4 NOAO
	        187.86 14599.5117    14600.5   5.0 1 1 30 NOAO
	        276.76 14254.8422    14260.8   5.0 1 0 4 NOAO
	        317.24 14097.8114    14097.5   5.0 1 1 13 NOAO
	        364.75 13913.5266    13914.4   5.0 1 1 150 NOAO
	        386.27 13830.0482    13829.5   5.0 1 1 50 NOAO
	        413.74 13723.4799    13722.3   5.0 1 1 B NOAO
	        424.40  13682.149    13682.3   5.0 1 1 1000 NOAO
	        438.80 13626.2663    13626.4   5.0 1 1 200 NOAO
	        444.78 13603.0836     13603.   5.0 1 1 B NOAO
	        451.36   13577.59    13577.3   5.0 1 1 13 NOAO
	        458.93 13548.2172    13547.9   5.0 1 1 12 NOAO
	        469.17 13508.5249    13507.9   5.0 1 1 8 NOAO
	        494.65 13409.7513    13410.2   5.0 1 1 
	        504.75  13370.587    13370.8   5.0 1 1 
	        518.72 13316.4531    13316.8   5.0 1 1 1000 NOAO
	        529.08 13276.3111    13276.3   5.0 1 1 
	        543.44 13220.6707    13217.6   5.0 1 0 500 NOAO
	        597.37 13011.8618    13011.8   5.0 1 1 200 NOAO
	        610.79 12959.9124    12960.2   5.0 1 1 200 NOAO
	        616.73  12936.923    12936.7   5.0 1 1 
	        650.64 12805.8082   12806.24   5.0 1 1 40 NOAO
	        667.82 12739.3996    12736.9   5.0 1 0 8 NOAO
	        676.62 12705.4017   12705.76   5.0 1 1 486   KH
	        732.16 12490.9833    12491.1   5.0 1 1 2995   KH
	        744.70 12442.6307    12442.7   5.0 1 1 500 NOAO
	        754.19 12406.0244    12406.2   5.0 1 1 300 NOAO
	        769.33 12347.6734    12346.8   5.0 1 1 1000 NOAO
	        822.57 12142.7654     12143.   5.0 1 1 800 NOAO
	        829.68 12115.4046    12115.6   5.0 1 1 30 NOAO
	        945.19 11672.3774    11671.9   5.0 1 1 150 NOAO
	        992.66 11490.9628    11491.2   5.0 1 1 150 NOAO
	function chebyshev
	order 4
	sample *
	naverage 1
	niterate 10
	low_reject 3.
	high_reject 3.
	grow 0.
	coefficients	8
		1.
		4.
		5.233931541442871
		992.6602783203126
		13395.80983347276
		-1909.105032357285
		2.730972396862334
		1.527069190061935

# Thu 15:21:43 25-Jul-2019
begin	identify wtfarc_comb[SCI,3][89,*]
	id	wtfarc_comb[SCI,3]
	task	identify
	image	wtfarc_comb[SCI,3][89,*]
	units	Angstroms
	features	33
	          5.08 15305.9193    15306.1   5.0 1 1 40 NOAO
	         38.34  15177.289    15176.8   5.0 1 1 25 NOAO
	         71.16 15050.3112    15050.6   5.0 1 1 100 NOAO
	        173.44 14654.2196    14654.3   5.0 1 1 5 NOAO
	        276.81 14253.5428    14260.8   5.0 1 0 4 NOAO
	        317.10 14097.3286    14097.5   5.0 1 1 30 NOAO
	        364.61 13913.1397    13914.4   5.0 1 0 4 NOAO
	        386.06 13829.9728    13829.5   5.0 1 1 13 NOAO
	        413.73 13722.7046    13722.3   5.0 1 1 150 NOAO
	        424.21 13682.0991    13682.3   5.0 1 1 50 NOAO
	        438.66 13626.0817    13626.4   5.0 1 1 B NOAO
	        444.67 13602.7866     13603.   5.0 1 1 1000 NOAO
	        451.15 13577.6644    13577.3   5.0 1 1 200 NOAO
	        458.49 13549.2363    13547.9   5.0 1 0 B NOAO
	        469.08 13508.1994    13507.9   5.0 1 1 13 NOAO
	        494.50 13409.7168    13410.2   5.0 1 1 12 NOAO
	        504.59 13370.5917    13370.8   5.0 1 1 8 NOAO
	        518.54 13316.5869    13316.8   5.0 1 1 
	        528.94 13276.2933    13276.3   5.0 1 1 
	        543.52 13219.8243    13217.6   5.0 1 0 1000 NOAO
	        597.20 13012.0472    13011.8   5.0 1 1 
	        610.64 12960.0451    12960.2   5.0 1 1 500 NOAO
	        616.60 12937.0134    12936.7   5.0 1 1 200 NOAO
	        650.45 12806.0979   12806.24   5.0 1 1 200 NOAO
	        667.88 12738.7582    12736.9   5.0 1 0 
	        676.43 12705.7012   12705.76   5.0 1 1 40 NOAO
	        732.00 12491.1038    12491.1   5.0 1 1 8 NOAO
	        744.54 12442.7234    12442.7   5.0 1 1 486   KH
	        754.02 12406.1398    12406.2   5.0 1 1 2995   KH
	        769.21 12347.5772    12346.8   5.0 1 1 500 NOAO
	        822.38 12142.7101     12143.   5.0 1 1 300 NOAO
	        829.52 12115.1873    12115.6   5.0 1 1 1000 NOAO
	        992.00 11491.2889    11491.2   5.0 1 1 800 NOAO
	function chebyshev
	order 4
	sample *
	naverage 1
	niterate 10
	low_reject 3.
	high_reject 3.
	grow 0.
	coefficients	8
		1.
		4.
		5.084081649780273
		991.9999999999999
		13396.32165112131
		-1908.394161827452
		2.28244835567658
		1.079010409228092

