# Thu 01:23:27 08-Aug-2019
begin	identify wtfarc_comb[SCI,2][76,*]
	id	wtfarc_comb[SCI,2]
	task	identify
	image	wtfarc_comb[SCI,2][76,*]
	units	Angstrom
	features	22
	        148.48 18432.6027    18433.4   5.0 1 1 B NOAO
	        254.41 17920.0067    17919.6   5.0 1 1 40 NOAO
	        273.08 17829.5605    17828.9   5.0 1 1 5 NOAO
	        351.33 17450.2621    17449.7   5.0 1 1 11 NOAO
	        455.44 16945.4254    16945.2   5.0 1 1 500 NOAO
	        496.87 16744.6026 16744.5996   5.0 1 1 
	        536.26 16553.7159   16553.78   5.0 1 1 775   KH
	        542.39 16524.0535   16524.38   5.0 1 1 1666   KH
	        559.52 16441.0908   16441.06   5.0 1 1 1468   KH
	        612.75 16183.4873    16184.4   5.0 1 1 4 NOAO
	        624.19 16128.1551    16127.1   5.0 1 1 1 NOAO
	        652.06 15993.4608    15993.9   5.0 1 1 25 NOAO
	        671.05 15901.7268     15904.   5.0 1 1 10 NOAO
	        773.62 15407.2682   15406.85   5.0 1 1 566   KH
	        788.90 15333.7623    15333.5   5.0 1 1 1 NOAO
	        794.66 15306.0805    15306.1   5.0 1 1 10 NOAO
	        821.46 15177.3343    15176.8   5.0 1 1 566   KH
	        847.87 15050.6004    15050.6   5.0 1 1 100 NOAO
	        911.83  14744.447    14743.2   5.0 1 1 5 NOAO
	        931.80 14649.0605    14654.3   5.0 1 0 30 NOAO
	        941.78 14601.4801    14600.5   5.0 1 1 30 NOAO
	       1013.69 14259.2467    14260.8   5.0 1 1 B NOAO
	function chebyshev
	order 4
	sample *
	naverage 1
	niterate 10
	low_reject 3.
	high_reject 3.
	grow 0.
	coefficients	8
		1.
		4.
		148.4781341552734
		1013.687133789063
		16341.31475735045
		-2088.466041336745
		4.6099525705956
		1.788004350921367

# Thu 01:23:27 08-Aug-2019
begin	identify wtfarc_comb[SCI,2][74,*]
	id	wtfarc_comb[SCI,2]
	task	identify
	image	wtfarc_comb[SCI,2][74,*]
	units	Angstroms
	features	21
	        148.48 18432.7093    18433.4   5.0 1 1 B NOAO
	        254.38 17920.2131    17919.6   5.0 1 1 40 NOAO
	        351.26 17450.5735    17449.7   5.0 1 1 5 NOAO
	        455.37 16945.6676    16945.2   5.0 1 1 11 NOAO
	        496.86 16744.5329 16744.5996   5.0 1 1 500 NOAO
	        536.27  16553.542   16553.78   5.0 1 1 
	        542.34 16524.1619   16524.38   5.0 1 1 775   KH
	        559.48 16441.1419   16441.06   5.0 1 1 1666   KH
	        612.72 16183.4603    16184.4   5.0 1 1 1468   KH
	        624.20 16127.9049    16127.1   5.0 1 1 4 NOAO
	        652.01 15993.4979    15993.9   5.0 1 1 1 NOAO
	        671.00 15901.7498     15904.   5.0 1 1 25 NOAO
	        773.52 15407.5075   15406.85   5.0 1 1 10 NOAO
	        788.85 15333.7681    15333.5   5.0 1 1 566   KH
	        794.66 15305.8442    15306.1   5.0 1 1 1 NOAO
	        821.36 15177.6007    15176.8   5.0 1 1 10 NOAO
	        847.82 15050.6161    15050.6   5.0 1 1 566   KH
	        911.86 14744.0913    14743.2   5.0 1 1 100 NOAO
	        931.76 14649.0948    14654.3   5.0 1 0 5 NOAO
	        941.72 14601.5623    14600.5   5.0 1 1 30 NOAO
	       1013.64 14259.3243    14260.8   5.0 1 1 30 NOAO
	function chebyshev
	order 4
	sample *
	naverage 1
	niterate 10
	low_reject 3.
	high_reject 3.
	grow 0.
	coefficients	8
		1.
		4.
		148.4810333251953
		1013.640625
		16341.32930363811
		-2088.503153885676
		4.68747167905246
		1.810646869558533

# Thu 01:23:27 08-Aug-2019
begin	identify wtfarc_comb[SCI,2][72,*]
	id	wtfarc_comb[SCI,2]
	task	identify
	image	wtfarc_comb[SCI,2][72,*]
	units	Angstroms
	features	22
	        148.46 18431.6618    18433.4   5.0 1 1 B NOAO
	        254.34 17919.2297    17919.6   5.0 1 1 40 NOAO
	        272.16 17832.9331    17828.9   5.0 1 1 5 NOAO
	        351.22 17449.7378    17449.7   5.0 1 1 11 NOAO
	        455.34 16945.0589    16945.2   5.0 1 1 500 NOAO
	        496.84   16743.98 16744.5996   5.0 1 1 
	        536.29 16552.8951   16553.78   5.0 1 1 775   KH
	        542.32 16523.7273   16524.38   5.0 1 1 1666   KH
	        559.47 16440.6771   16441.06   5.0 1 1 1468   KH
	        612.65 16183.4964    16184.4   5.0 1 1 4 NOAO
	        624.15 16127.8757    16127.1   5.0 1 1 1 NOAO
	        651.96 15993.5699    15993.9   5.0 1 1 25 NOAO
	        670.89 15902.1433     15904.   5.0 1 1 10 NOAO
	        773.33 15408.6688   15406.85   5.0 1 1 566   KH
	        788.83 15334.1265    15333.5   5.0 1 1 1 NOAO
	        794.62 15306.3214    15306.1   5.0 1 1 10 NOAO
	        821.35 15178.0005    15176.8   5.0 1 1 566   KH
	        847.78 15051.2801    15050.6   5.0 1 1 100 NOAO
	        911.94 14744.3571    14743.2   5.0 1 1 5 NOAO
	        931.69 14650.0709    14654.3   5.0 1 1 30 NOAO
	        941.66 14602.5449    14600.5   5.0 1 1 30 NOAO
	       1013.61 14260.3132    14260.8   5.0 1 1 B NOAO
	function chebyshev
	order 4
	sample *
	naverage 1
	niterate 10
	low_reject 3.
	high_reject 3.
	grow 0.
	coefficients	8
		1.
		4.
		148.4582824707031
		1013.6123046875
		16341.17203473594
		-2087.398049547608
		4.815491753587245
		1.723760169650825

# Thu 01:23:27 08-Aug-2019
begin	identify wtfarc_comb[SCI,2][70,*]
	id	wtfarc_comb[SCI,2]
	task	identify
	image	wtfarc_comb[SCI,2][70,*]
	units	Angstroms
	features	22
	        148.41 18431.4947    18433.4   5.0 1 1 B NOAO
	        254.30 17919.1392    17919.6   5.0 1 1 40 NOAO
	        272.00 17833.4036    17828.9   5.0 1 1 5 NOAO
	        351.18 17449.7126    17449.7   5.0 1 1 11 NOAO
	        455.30 16945.0206    16945.2   5.0 1 1 500 NOAO
	        496.81 16743.9075 16744.5996   5.0 1 1 
	        536.28 16552.7578   16553.78   5.0 1 1 775   KH
	        542.28 16523.7258   16524.38   5.0 1 1 1666   KH
	        559.44 16440.6383   16441.06   5.0 1 1 1468   KH
	        612.58 16183.6099    16184.4   5.0 1 1 4 NOAO
	        624.14 16127.7777    16127.1   5.0 1 1 1 NOAO
	        651.92 15993.5635    15993.9   5.0 1 1 25 NOAO
	        670.91 15901.9172     15904.   5.0 1 1 10 NOAO
	        773.20 15409.1344   15406.85   5.0 1 1 566   KH
	        788.82 15334.0455    15333.5   5.0 1 1 1 NOAO
	        794.59 15306.3349    15306.1   5.0 1 1 10 NOAO
	        821.32 15177.9852    15176.8   5.0 1 1 566   KH
	        847.73 15051.3565    15050.6   5.0 1 1 100 NOAO
	        911.96 14744.1642    14743.2   5.0 1 1 5 NOAO
	        931.64 14650.2305    14654.3   5.0 1 1 30 NOAO
	        941.65 14602.4883    14600.5   5.0 1 1 30 NOAO
	       1013.62 14260.2617    14260.8   5.0 1 1 B NOAO
	function chebyshev
	order 4
	sample *
	naverage 1
	niterate 10
	low_reject 3.
	high_reject 3.
	grow 0.
	coefficients	8
		1.
		4.
		148.4060668945312
		1013.617004394531
		16341.08217459627
		-2087.374753520407
		4.79602115904865
		1.758270423782971

# Thu 01:23:27 08-Aug-2019
begin	identify wtfarc_comb[SCI,2][68,*]
	id	wtfarc_comb[SCI,2]
	task	identify
	image	wtfarc_comb[SCI,2][68,*]
	units	Angstroms
	features	22
	        148.37 18431.5168    18433.4   5.0 1 1 B NOAO
	        254.25 17919.2057    17919.6   5.0 1 1 40 NOAO
	        272.00 17833.2551    17828.9   5.0 1 1 5 NOAO
	        351.13    17449.8    17449.7   5.0 1 1 11 NOAO
	        455.27 16945.0315    16945.2   5.0 1 1 500 NOAO
	        496.80 16743.8292 16744.5996   5.0 1 1 
	        536.29 16552.5431   16553.78   5.0 1 1 775   KH
	        542.23 16523.7947   16524.38   5.0 1 1 1666   KH
	        559.41 16440.6425   16441.06   5.0 1 1 1468   KH
	        612.51 16183.8206    16184.4   5.0 1 1 4 NOAO
	        624.10 16127.7814    16127.1   5.0 1 1 1 NOAO
	        651.88 15993.5935    15993.9   5.0 1 1 25 NOAO
	        670.85 15902.0118     15904.   5.0 1 1 10 NOAO
	        773.18 15409.0383   15406.85   5.0 1 1 566   KH
	        788.81 15333.9308    15333.5   5.0 1 1 1 NOAO
	        794.54 15306.3985    15306.1   5.0 1 1 10 NOAO
	        821.32  15177.862    15176.8   5.0 1 1 566   KH
	        847.68 15051.4534    15050.6   5.0 1 1 100 NOAO
	        911.95 14744.0289    14743.2   5.0 1 1 5 NOAO
	        931.59 14650.3338    14654.3   5.0 1 1 30 NOAO
	        941.61 14602.5437    14600.5   5.0 1 1 30 NOAO
	       1013.58 14260.2543    14260.8   5.0 1 1 B NOAO
	function chebyshev
	order 4
	sample *
	naverage 1
	niterate 10
	low_reject 3.
	high_reject 3.
	grow 0.
	coefficients	8
		1.
		4.
		148.3709411621094
		1013.584350585937
		16341.09212209524
		-2087.389148727715
		4.793475292841566
		1.757899140668019

# Thu 01:23:27 08-Aug-2019
begin	identify wtfarc_comb[SCI,2][66,*]
	id	wtfarc_comb[SCI,2]
	task	identify
	image	wtfarc_comb[SCI,2][66,*]
	units	Angstroms
	features	22
	        148.30  18431.637    18433.4   5.0 1 1 B NOAO
	        254.21 17919.2117    17919.6   5.0 1 1 40 NOAO
	        272.00 17833.0182    17828.9   5.0 1 1 5 NOAO
	        351.07 17449.8513    17449.7   5.0 1 1 11 NOAO
	        455.23 16944.9861    16945.2   5.0 1 1 500 NOAO
	        496.75 16743.8236 16744.5996   5.0 1 1 
	        536.30 16552.3049   16553.78   5.0 1 1 775   KH
	        542.17 16523.8465   16524.38   5.0 1 1 1666   KH
	        559.36 16440.6665   16441.06   5.0 1 1 1468   KH
	        612.42  16184.047    16184.4   5.0 1 1 4 NOAO
	        624.04 16127.8606    16127.1   5.0 1 1 1 NOAO
	        651.81 15993.7322    15993.9   5.0 1 1 25 NOAO
	        670.78 15902.1795     15904.   5.0 1 1 10 NOAO
	        773.19 15408.8444   15406.85   5.0 1 1 566   KH
	        788.80 15333.8076    15333.5   5.0 1 1 1 NOAO
	        794.51 15306.3717    15306.1   5.0 1 1 10 NOAO
	        821.28 15177.9008    15176.8   5.0 1 1 566   KH
	        847.64 15051.5376    15050.6   5.0 1 1 100 NOAO
	        912.00 14743.6976    14743.2   5.0 1 1 5 NOAO
	        931.53 14650.4737    14654.3   5.0 1 1 30 NOAO
	        941.61 14602.4324    14600.5   5.0 1 1 30 NOAO
	       1013.53 14260.4388    14260.8   5.0 1 1 B NOAO
	function chebyshev
	order 4
	sample *
	naverage 1
	niterate 10
	low_reject 3.
	high_reject 3.
	grow 0.
	coefficients	8
		1.
		4.
		148.3031463623047
		1013.529052734375
		16341.20733880563
		-2087.349746952625
		4.830583632041413
		1.750626903790162

# Thu 01:23:27 08-Aug-2019
begin	identify wtfarc_comb[SCI,2][64,*]
	id	wtfarc_comb[SCI,2]
	task	identify
	image	wtfarc_comb[SCI,2][64,*]
	units	Angstroms
	features	22
	        148.23 18431.7377    18433.4   5.0 1 1 B NOAO
	        254.16 17919.2374    17919.6   5.0 1 1 40 NOAO
	        272.00 17832.8081    17828.9   5.0 1 1 5 NOAO
	        351.04 17449.8046    17449.7   5.0 1 1 11 NOAO
	        455.19 16945.0144    16945.2   5.0 1 1 500 NOAO
	        496.73 16743.7665 16744.5996   5.0 1 1 
	        536.22 16552.5178   16553.78   5.0 1 1 775   KH
	        542.14 16523.8738   16524.38   5.0 1 1 1666   KH
	        559.33 16440.6531   16441.06   5.0 1 1 1468   KH
	        612.44 16183.7968    16184.4   5.0 1 1 4 NOAO
	        623.96 16128.1164    16127.1   5.0 1 1 1 NOAO
	        651.76 15993.8194    15993.9   5.0 1 1 25 NOAO
	        670.74  15902.211     15904.   5.0 1 1 10 NOAO
	        773.19 15408.7219   15406.85   5.0 1 1 566   KH
	        788.79 15333.7026    15333.5   5.0 1 1 1 NOAO
	        794.48 15306.4081    15306.1   5.0 1 1 10 NOAO
	        821.27 15177.8043    15176.8   5.0 1 1 566   KH
	        847.60 15051.5783    15050.6   5.0 1 1 100 NOAO
	        911.96 14743.7051    14743.2   5.0 1 1 5 NOAO
	        931.46 14650.6825    14654.3   5.0 1 1 30 NOAO
	        941.63 14602.2003    14600.5   5.0 1 1 30 NOAO
	       1013.48 14260.5096    14260.8   5.0 1 1 B NOAO
	function chebyshev
	order 4
	sample *
	naverage 1
	niterate 10
	low_reject 3.
	high_reject 3.
	grow 0.
	coefficients	8
		1.
		4.
		148.2301940917969
		1013.484680175781
		16341.31325045792
		-2087.369880689516
		4.810404686674246
		1.755831068580348

# Thu 01:23:27 08-Aug-2019
begin	identify wtfarc_comb[SCI,2][62,*]
	id	wtfarc_comb[SCI,2]
	task	identify
	image	wtfarc_comb[SCI,2][62,*]
	units	Angstroms
	features	22
	        148.16 18431.8116    18433.4   5.0 1 1 B NOAO
	        254.09 17919.3138    17919.6   5.0 1 1 40 NOAO
	        272.00  17832.563    17828.9   5.0 1 1 5 NOAO
	        351.00  17449.763    17449.7   5.0 1 1 11 NOAO
	        455.14 16945.0519    16945.2   5.0 1 1 500 NOAO
	        496.68 16743.8138 16744.5996   5.0 1 1 
	        536.17 16552.5722   16553.78   5.0 1 1 775   KH
	        542.10 16523.9093   16524.38   5.0 1 1 1666   KH
	        559.26 16440.8602   16441.06   5.0 1 1 1468   KH
	        612.44 16183.6807    16184.4   5.0 1 1 4 NOAO
	        623.91  16128.235    16127.1   5.0 1 1 1 NOAO
	        651.71 15993.9674    15993.9   5.0 1 1 25 NOAO
	        670.79 15901.8491     15904.   5.0 1 1 10 NOAO
	        773.27 15408.2639   15406.85   5.0 1 1 566   KH
	        788.77 15333.7497    15333.5   5.0 1 1 1 NOAO
	        794.45 15306.4854    15306.1   5.0 1 1 10 NOAO
	        821.22 15177.9854    15176.8   5.0 1 1 566   KH
	        847.56 15051.7104    15050.6   5.0 1 1 100 NOAO
	        911.94 14743.7538    14743.2   5.0 1 1 5 NOAO
	        931.43  14650.783    14654.3   5.0 1 1 30 NOAO
	        941.65 14602.0449    14600.5   5.0 1 1 30 NOAO
	       1013.47  14260.502    14260.8   5.0 1 1 B NOAO
	function chebyshev
	order 4
	sample *
	naverage 1
	niterate 10
	low_reject 3.
	high_reject 3.
	grow 0.
	coefficients	8
		1.
		4.
		148.1625061035156
		1013.474365234375
		16341.3541181097
		-2087.391561114142
		4.802665815061859
		1.736764370528787

# Thu 01:23:27 08-Aug-2019
begin	identify wtfarc_comb[SCI,2][60,*]
	id	wtfarc_comb[SCI,2]
	task	identify
	image	wtfarc_comb[SCI,2][60,*]
	units	Angstroms
	features	21
	        148.13 18432.7113    18433.4   5.0 1 1 B NOAO
	        254.04  17920.327    17919.6   5.0 1 1 40 NOAO
	        350.97 17450.5461    17449.7   5.0 1 1 5 NOAO
	        455.11 16945.5912    16945.2   5.0 1 1 11 NOAO
	        496.64 16744.2742 16744.5996   5.0 1 1 500 NOAO
	        536.14 16552.9133   16553.78   5.0 1 1 
	        542.05 16524.2795   16524.38   5.0 1 1 775   KH
	        559.21 16441.2123   16441.06   5.0 1 1 1666   KH
	        612.48 16183.4057    16184.4   5.0 1 1 1468   KH
	        623.85 16128.4444    16127.1   5.0 1 1 4 NOAO
	        651.65 15994.0716    15993.9   5.0 1 1 1 NOAO
	        670.74  15901.876     15904.   5.0 1 1 25 NOAO
	        773.40 15407.1229   15406.85   5.0 1 1 10 NOAO
	        788.73 15333.4076    15333.5   5.0 1 1 566   KH
	        794.42 15306.0523    15306.1   5.0 1 1 1 NOAO
	        821.17 15177.5772    15176.8   5.0 1 1 10 NOAO
	        847.52 15051.2208    15050.6   5.0 1 1 566   KH
	        911.83 14743.5257    14743.2   5.0 1 1 100 NOAO
	        931.38 14650.2121    14654.3   5.0 1 0 5 NOAO
	        941.67 14601.1397    14600.5   5.0 1 1 30 NOAO
	       1013.46 14259.7709    14260.8   5.0 1 1 30 NOAO
	function chebyshev
	order 4
	sample *
	naverage 1
	niterate 10
	low_reject 3.
	high_reject 3.
	grow 0.
	coefficients	8
		1.
		4.
		148.1320037841797
		1013.456176757812
		16341.47380876353
		-2088.340433127991
		4.767265028300927
		1.870248369043013

# Thu 01:23:27 08-Aug-2019
begin	identify wtfarc_comb[SCI,2][58,*]
	id	wtfarc_comb[SCI,2]
	task	identify
	image	wtfarc_comb[SCI,2][58,*]
	units	Angstroms
	features	21
	        148.11 18432.7767    18433.4   5.0 1 1 B NOAO
	        254.02 17920.3088    17919.6   5.0 1 1 40 NOAO
	        350.96 17450.4654    17449.7   5.0 1 1 5 NOAO
	        455.08 16945.6035    16945.2   5.0 1 1 11 NOAO
	        496.64 16744.1982 16744.5996   5.0 1 1 500 NOAO
	        536.14 16552.8204   16553.78   5.0 1 1 
	        542.05 16524.1732   16524.38   5.0 1 1 775   KH
	        559.17 16441.3179   16441.06   5.0 1 1 1666   KH
	        612.47 16183.4279    16184.4   5.0 1 1 1468   KH
	        623.84 16128.4454    16127.1   5.0 1 1 4 NOAO
	        651.64 15994.1138    15993.9   5.0 1 1 1 NOAO
	        670.77 15901.7508     15904.   5.0 1 1 25 NOAO
	        773.41 15407.2935   15406.85   5.0 1 1 10 NOAO
	        788.73 15333.6621    15333.5   5.0 1 1 566   KH
	        794.46 15306.1472    15306.1   5.0 1 1 1 NOAO
	        821.15 15178.0417    15176.8   5.0 1 1 10 NOAO
	        847.53 15051.5885    15050.6   5.0 1 1 566   KH
	        911.86  14744.028    14743.2   5.0 1 1 100 NOAO
	        931.34 14651.1213    14654.3   5.0 1 1 5 NOAO
	        941.69 14601.8158    14600.5   5.0 1 1 30 NOAO
	       1013.50 14260.6695    14260.8   5.0 1 1 30 NOAO
	function chebyshev
	order 4
	sample *
	naverage 1
	niterate 10
	low_reject 3.
	high_reject 3.
	grow 0.
	coefficients	8
		1.
		4.
		148.1086578369141
		1013.503173828125
		16341.65007312169
		-2087.988820899671
		5.073049155918009
		1.93524168483349

# Thu 01:23:27 08-Aug-2019
begin	identify wtfarc_comb[SCI,2][56,*]
	id	wtfarc_comb[SCI,2]
	task	identify
	image	wtfarc_comb[SCI,2][56,*]
	units	Angstroms
	features	21
	        148.22 18432.8758    18433.4   5.0 1 1 B NOAO
	        254.17 17920.1565    17919.6   5.0 1 1 40 NOAO
	        351.08 17450.4687    17449.7   5.0 1 1 5 NOAO
	        455.22 16945.6313    16945.2   5.0 1 1 11 NOAO
	        496.81  16744.067 16744.5996   5.0 1 1 500 NOAO
	        536.31 16552.7427   16553.78   5.0 1 1 
	        542.23  16524.104   16524.38   5.0 1 1 775   KH
	        559.34 16441.2962   16441.06   5.0 1 1 1666   KH
	        612.66  16183.355    16184.4   5.0 1 1 1468   KH
	        623.87 16129.1691    16127.1   5.0 1 1 4 NOAO
	        651.84 15994.0855    15993.9   5.0 1 1 1 NOAO
	        670.95 15901.8068     15904.   5.0 1 1 25 NOAO
	        773.80 15406.4063   15406.85   5.0 1 1 10 NOAO
	        788.89 15333.8759    15333.5   5.0 1 1 566   KH
	        794.65 15306.2273    15306.1   5.0 1 1 1 NOAO
	        821.30 15178.3067    15176.8   5.0 1 1 10 NOAO
	        847.72 15051.7026    15050.6   5.0 1 1 566   KH
	        912.13 14743.7084    14743.2   5.0 1 1 100 NOAO
	        931.29 14652.3376    14654.3   5.0 1 1 5 NOAO
	        942.16 14600.5321    14600.5   5.0 1 1 30 NOAO
	       1013.62 14260.9139    14260.8   5.0 1 1 30 NOAO
	function chebyshev
	order 4
	sample *
	naverage 1
	niterate 10
	low_reject 3.
	high_reject 3.
	grow 0.
	coefficients	8
		1.
		4.
		148.2217864990235
		1013.615844726563
		16341.87876421475
		-2087.793265178823
		5.016120753393686
		1.812315164814692

# Thu 01:23:27 08-Aug-2019
begin	identify wtfarc_comb[SCI,2][54,*]
	id	wtfarc_comb[SCI,2]
	task	identify
	image	wtfarc_comb[SCI,2][54,*]
	units	Angstroms
	features	20
	        148.25 18432.9063    18433.4   5.0 1 1 B NOAO
	        254.23 17920.1051    17919.6   5.0 1 1 40 NOAO
	        351.13  17450.596    17449.7   5.0 1 1 5 NOAO
	        455.28 16945.7254    16945.2   5.0 1 1 11 NOAO
	        496.91 16744.0383 16744.5996   5.0 1 1 500 NOAO
	        536.64  16551.634   16553.78   5.0 1 1 
	        542.30 16524.2264   16524.38   5.0 1 1 775   KH
	        559.36 16441.6662   16441.06   5.0 1 1 1666   KH
	        612.73 16183.5381    16184.4   5.0 1 1 1468   KH
	        624.00 16129.0719    16127.1   5.0 1 1 4 NOAO
	        651.90 15994.3294    15993.9   5.0 1 1 1 NOAO
	        671.08 15901.7358     15904.   5.0 1 1 25 NOAO
	        788.97 15334.1173    15333.5   5.0 1 1 10 NOAO
	        794.73 15306.4524    15306.1   5.0 1 1 566   KH
	        821.37 15178.5765    15176.8   5.0 1 1 1 NOAO
	        847.81 15051.8788    15050.6   5.0 1 1 10 NOAO
	        913.00 14740.1877    14743.2   5.0 1 1 566   KH
	        931.27 14653.0646    14654.3   5.0 1 1 100 NOAO
	        942.00  14601.901    14600.5   5.0 1 1 5 NOAO
	       1013.70 14261.1684    14260.8   5.0 1 1 30 NOAO
	function chebyshev
	order 4
	sample *
	naverage 1
	niterate 10
	low_reject 3.
	high_reject 3.
	grow 0.
	coefficients	8
		1.
		4.
		148.2484588623047
		1013.6982421875
		16342.06303386826
		-2087.680164562239
		4.974343635523318
		1.811206398898657

# Thu 01:23:27 08-Aug-2019
begin	identify wtfarc_comb[SCI,2][52,*]
	id	wtfarc_comb[SCI,2]
	task	identify
	image	wtfarc_comb[SCI,2][52,*]
	units	Angstroms
	features	15
	        148.31  18432.826    18433.4   5.0 1 1 B NOAO
	        254.31 17920.0217    17919.6   5.0 1 1 40 NOAO
	        351.16 17450.7606    17449.7   5.0 1 1 5 NOAO
	        455.37 16945.6319    16945.2   5.0 1 1 11 NOAO
	        497.08  16743.523 16744.5996   5.0 1 1 500 NOAO
	        542.37 16524.2318   16524.38   5.0 1 1 
	        559.42 16441.6819   16441.06   5.0 1 1 775   KH
	        651.96 15994.3191    15993.9   5.0 1 1 1666   KH
	        671.35 15900.7373     15904.   5.0 1 1 1468   KH
	        789.11 15333.7257    15333.5   5.0 1 1 4 NOAO
	        794.83 15306.2523    15306.1   5.0 1 1 1 NOAO
	        821.47 15178.3968    15176.8   5.0 1 1 25 NOAO
	        847.90 15051.7514    15050.6   5.0 1 1 10 NOAO
	        931.19 14653.8103    14654.3   5.0 1 1 566   KH
	       1014.00 14260.2699    14260.8   5.0 1 1 1 NOAO
	function chebyshev
	order 4
	sample *
	naverage 1
	niterate 10
	low_reject 3.
	high_reject 3.
	grow 0.
	coefficients	8
		1.
		4.
		148.3050079345703
		1014.
		16341.54075047971
		-2088.169171012949
		5.007219054583437
		1.891107263561767

# Thu 01:23:27 08-Aug-2019
begin	identify wtfarc_comb[SCI,2][50,*]
	id	wtfarc_comb[SCI,2]
	task	identify
	image	wtfarc_comb[SCI,2][50,*]
	units	Angstroms
	features	13
	        148.57 18432.9372    18433.4   5.0 1 1 B NOAO
	        254.47 17919.9485    17919.6   5.0 1 1 40 NOAO
	        351.24 17451.0453    17449.7   5.0 1 1 5 NOAO
	        455.54 16945.7335    16945.2   5.0 1 1 11 NOAO
	        497.60 16742.1102 16744.5996   5.0 1 1 500 NOAO
	        542.55 16524.5792   16524.38   5.0 1 1 
	        560.00 16440.1809   16441.06   5.0 1 1 775   KH
	        652.06 15995.2936    15993.9   5.0 1 1 1666   KH
	        789.40  15333.344    15333.5   5.0 1 1 1468   KH
	        795.07  15306.089    15306.1   5.0 1 1 4 NOAO
	        821.97 15176.7525    15176.8   5.0 1 1 1 NOAO
	        848.08 15051.3281    15050.6   5.0 1 1 25 NOAO
	        931.00 14653.7975    14654.3   5.0 1 1 10 NOAO
	function chebyshev
	order 4
	sample *
	naverage 1
	niterate 10
	low_reject 3.
	high_reject 3.
	grow 0.
	coefficients	8
		1.
		4.
		148.5680999755859
		930.9999999999998
		16540.6680966234
		-1890.343529076683
		2.699225190820606
		0.7736590727542101

# Thu 01:23:27 08-Aug-2019
begin	identify wtfarc_comb[SCI,2][78,*]
	id	wtfarc_comb[SCI,2]
	task	identify
	image	wtfarc_comb[SCI,2][78,*]
	units	Angstroms
	features	21
	        148.54 18432.8624    18433.4   5.0 1 1 B NOAO
	        254.48 17920.0007    17919.6   5.0 1 1 40 NOAO
	        351.34 17450.4065    17449.7   5.0 1 1 5 NOAO
	        455.43 16945.5922    16945.2   5.0 1 1 11 NOAO
	        496.89 16744.6412 16744.5996   5.0 1 1 500 NOAO
	        536.20 16554.1882   16553.78   5.0 1 1 
	        542.45 16523.9049   16524.38   5.0 1 1 775   KH
	        559.54 16441.1301   16441.06   5.0 1 1 1666   KH
	        612.81 16183.3665    16184.4   5.0 1 1 1468   KH
	        624.21 16128.2036    16127.1   5.0 1 1 4 NOAO
	        652.11 15993.3554    15993.9   5.0 1 1 1 NOAO
	        671.09 15901.7048     15904.   5.0 1 1 25 NOAO
	        773.72 15406.9868   15406.85   5.0 1 1 10 NOAO
	        788.94 15333.7927    15333.5   5.0 1 1 566   KH
	        794.72  15306.002    15306.1   5.0 1 1 1 NOAO
	        821.47 15177.5439    15176.8   5.0 1 1 10 NOAO
	        847.90 15050.7253    15050.6   5.0 1 1 566   KH
	        911.88 14744.4464    14743.2   5.0 1 1 100 NOAO
	        931.87 14648.9878    14654.3   5.0 1 0 5 NOAO
	        941.89 14601.1898    14600.5   5.0 1 1 30 NOAO
	       1013.69 14259.4261    14260.8   5.0 1 1 30 NOAO
	function chebyshev
	order 4
	sample *
	naverage 1
	niterate 10
	low_reject 3.
	high_reject 3.
	grow 0.
	coefficients	8
		1.
		4.
		148.5403289794922
		1013.694702148437
		16341.41153921758
		-2088.435237278251
		4.732748223246804
		1.717092322570079

# Thu 01:23:27 08-Aug-2019
begin	identify wtfarc_comb[SCI,2][80,*]
	id	wtfarc_comb[SCI,2]
	task	identify
	image	wtfarc_comb[SCI,2][80,*]
	units	Angstroms
	features	22
	        148.57 18432.2832    18433.4   5.0 1 1 B NOAO
	        254.52 17919.3312    17919.6   5.0 1 1 40 NOAO
	        272.71 17831.2127    17828.9   5.0 1 1 5 NOAO
	        351.38 17449.8688    17449.7   5.0 1 1 11 NOAO
	        455.47 16945.2779    16945.2   5.0 1 1 500 NOAO
	        496.91  16744.457 16744.5996   5.0 1 1 
	        536.20 16554.2175   16553.78   5.0 1 1 775   KH
	        542.49 16523.7433   16524.38   5.0 1 1 1666   KH
	        559.62 16440.8412   16441.06   5.0 1 1 1468   KH
	        612.85 16183.3489    16184.4   5.0 1 1 4 NOAO
	        624.25 16128.2281    16127.1   5.0 1 1 1 NOAO
	        652.19 15993.2589    15993.9   5.0 1 1 25 NOAO
	        671.12 15901.8395     15904.   5.0 1 1 10 NOAO
	        773.83  15406.869   15406.85   5.0 1 1 566   KH
	        789.01 15333.8433    15333.5   5.0 1 1 1 NOAO
	        794.76 15306.2145    15306.1   5.0 1 1 10 NOAO
	        821.52 15177.6398    15176.8   5.0 1 1 566   KH
	        847.93 15050.9355    15050.6   5.0 1 1 100 NOAO
	        911.89 14744.6644    14743.2   5.0 1 1 5 NOAO
	        931.97 14648.7331    14654.3   5.0 1 0 30 NOAO
	        941.94 14601.1486    14600.5   5.0 1 1 30 NOAO
	       1013.75 14259.1466    14260.8   5.0 1 1 B NOAO
	function chebyshev
	order 4
	sample *
	naverage 1
	niterate 10
	low_reject 3.
	high_reject 3.
	grow 0.
	coefficients	8
		1.
		4.
		148.5729370117188
		1013.747009277344
		16341.15397702589
		-2088.12189210084
		4.560925763709022
		1.553593551689832

# Thu 01:23:27 08-Aug-2019
begin	identify wtfarc_comb[SCI,2][82,*]
	id	wtfarc_comb[SCI,2]
	task	identify
	image	wtfarc_comb[SCI,2][82,*]
	units	Angstroms
	features	22
	        148.61 18431.5793    18433.4   5.0 1 1 B NOAO
	        254.56 17918.5764    17919.6   5.0 1 1 40 NOAO
	        272.00 17834.0635    17828.9   5.0 1 1 5 NOAO
	        351.42 17449.1773    17449.7   5.0 1 1 11 NOAO
	        455.51 16944.7995    16945.2   5.0 1 1 500 NOAO
	        496.94 16744.1662 16744.5996   5.0 1 1 
	        536.16 16554.3354   16553.78   5.0 1 1 775   KH
	        542.53 16523.4711   16524.38   5.0 1 1 1666   KH
	        559.70 16440.4176   16441.06   5.0 1 1 1468   KH
	        612.86 16183.4333    16184.4   5.0 1 1 4 NOAO
	        624.42 16127.5991    16127.1   5.0 1 1 1 NOAO
	        652.25 15993.2348    15993.9   5.0 1 1 25 NOAO
	        671.15 15902.0579     15904.   5.0 1 1 10 NOAO
	        773.91 15407.1669   15406.85   5.0 1 1 566   KH
	        789.06 15334.3773    15333.5   5.0 1 1 1 NOAO
	        794.80 15306.8029    15306.1   5.0 1 1 10 NOAO
	        821.55 15178.3593    15176.8   5.0 1 1 566   KH
	        847.98 15051.6366    15050.6   5.0 1 1 100 NOAO
	        911.93 14745.6085    14743.2   5.0 1 1 5 NOAO
	        932.03 14649.6204    14654.3   5.0 1 1 30 NOAO
	        942.01 14602.0099    14600.5   5.0 1 1 30 NOAO
	       1013.81 14260.1764    14260.8   5.0 1 1 B NOAO
	function chebyshev
	order 4
	sample *
	naverage 1
	niterate 10
	low_reject 3.
	high_reject 3.
	grow 0.
	coefficients	8
		1.
		4.
		148.6097869873047
		1013.814819335937
		16341.14121807303
		-2087.1441073413
		4.736636945054008
		1.442615291891672

# Thu 01:23:27 08-Aug-2019
begin	identify wtfarc_comb[SCI,2][84,*]
	id	wtfarc_comb[SCI,2]
	task	identify
	image	wtfarc_comb[SCI,2][84,*]
	units	Angstroms
	features	21
	        148.65 18432.8384    18433.4   5.0 1 1 B NOAO
	        254.60 17919.9164    17919.6   5.0 1 1 40 NOAO
	        351.46 17450.3866    17449.7   5.0 1 1 5 NOAO
	        455.55 16945.7588    16945.2   5.0 1 1 11 NOAO
	        496.96 16745.0409 16744.5996   5.0 1 1 500 NOAO
	        536.18 16555.0491   16553.78   5.0 1 1 
	        542.59  16524.004   16524.38   5.0 1 1 775   KH
	        559.79 16440.7421   16441.06   5.0 1 1 1666   KH
	        612.92 16183.6877    16184.4   5.0 1 1 1468   KH
	        624.90  16125.777    16127.1   5.0 1 1 4 NOAO
	        652.29  15993.406    15993.9   5.0 1 1 1 NOAO
	        671.17 15902.2449     15904.   5.0 1 1 25 NOAO
	        773.97 15406.7247   15406.85   5.0 1 1 10 NOAO
	        789.11 15333.9114    15333.5   5.0 1 1 566   KH
	        794.83 15306.4056    15306.1   5.0 1 1 1 NOAO
	        821.61 15177.7315    15176.8   5.0 1 1 10 NOAO
	        848.02 15050.9918    15050.6   5.0 1 1 566   KH
	        912.05 14744.4033    14743.2   5.0 1 1 100 NOAO
	        932.09 14648.6651    14654.3   5.0 1 0 5 NOAO
	        942.03 14601.2035    14600.5   5.0 1 1 30 NOAO
	       1013.83 14259.2458    14260.8   5.0 1 1 30 NOAO
	function chebyshev
	order 4
	sample *
	naverage 1
	niterate 10
	low_reject 3.
	high_reject 3.
	grow 0.
	coefficients	8
		1.
		4.
		148.6485443115235
		1013.8330078125
		16341.48808171869
		-2088.40441091692
		4.553991905901248
		1.608125911670767

# Thu 01:23:27 08-Aug-2019
begin	identify wtfarc_comb[SCI,2][86,*]
	id	wtfarc_comb[SCI,2]
	task	identify
	image	wtfarc_comb[SCI,2][86,*]
	units	Angstroms
	features	22
	        148.70  18431.412    18433.4   5.0 1 1 B NOAO
	        254.62  17918.546    17919.6   5.0 1 1 40 NOAO
	        272.00 17834.3541    17828.9   5.0 1 1 5 NOAO
	        351.51 17449.1189    17449.7   5.0 1 1 11 NOAO
	        455.58  16944.929    16945.2   5.0 1 1 500 NOAO
	        496.98 16744.5103 16744.5996   5.0 1 1 
	        536.19 16554.7538   16553.78   5.0 1 1 775   KH
	        542.63 16523.6087   16524.38   5.0 1 1 1666   KH
	        559.86 16440.2927   16441.06   5.0 1 1 1468   KH
	        612.97 16183.6047    16184.4   5.0 1 1 4 NOAO
	        625.11  16124.962    16127.1   5.0 1 1 1 NOAO
	        652.34 15993.5164    15993.9   5.0 1 1 25 NOAO
	        671.20 15902.5462     15904.   5.0 1 1 10 NOAO
	        774.02 15407.4089   15406.85   5.0 1 1 566   KH
	        789.16 15334.6101    15333.5   5.0 1 1 1 NOAO
	        794.87  15307.168    15306.1   5.0 1 1 10 NOAO
	        821.65 15178.6077    15176.8   5.0 1 1 566   KH
	        848.07 15051.8831    15050.6   5.0 1 1 100 NOAO
	        912.22 14744.7711    14743.2   5.0 1 1 5 NOAO
	        932.14 14649.5923    14654.3   5.0 1 1 30 NOAO
	        942.02 14602.4102    14600.5   5.0 1 1 30 NOAO
	       1013.87 14260.0632    14260.8   5.0 1 1 B NOAO
	function chebyshev
	order 4
	sample *
	naverage 1
	niterate 10
	low_reject 3.
	high_reject 3.
	grow 0.
	coefficients	8
		1.
		4.
		148.7040557861328
		1013.874694824219
		16341.21505033683
		-2086.97961457938
		4.522552320151527
		1.305228555375152

# Thu 01:23:27 08-Aug-2019
begin	identify wtfarc_comb[SCI,2][88,*]
	id	wtfarc_comb[SCI,2]
	task	identify
	image	wtfarc_comb[SCI,2][88,*]
	units	Angstroms
	features	21
	        148.72 18432.7583    18433.4   5.0 1 1 B NOAO
	        254.66  17919.975    17919.6   5.0 1 1 40 NOAO
	        351.54 17450.4093    17449.7   5.0 1 1 5 NOAO
	        455.63 16945.8234    16945.2   5.0 1 1 11 NOAO
	        497.02 16745.2364 16744.5996   5.0 1 1 500 NOAO
	        536.21 16555.4376   16553.78   5.0 1 1 
	        542.67 16524.1209   16524.38   5.0 1 1 775   KH
	        559.95 16440.4808   16441.06   5.0 1 1 1666   KH
	        613.02 16183.7295    16184.4   5.0 1 1 1468   KH
	        625.19 16124.8635    16127.1   5.0 1 1 4 NOAO
	        652.39 15993.4323    15993.9   5.0 1 1 1 NOAO
	        671.30 15902.1123     15904.   5.0 1 1 25 NOAO
	        773.99 15407.1008   15406.85   5.0 1 1 10 NOAO
	        789.21 15333.9161    15333.5   5.0 1 1 566   KH
	        794.91 15306.4683    15306.1   5.0 1 1 1 NOAO
	        821.70 15177.7663    15176.8   5.0 1 1 10 NOAO
	        848.12  15050.958    15050.6   5.0 1 1 566   KH
	        912.16 14744.2432    14743.2   5.0 1 1 100 NOAO
	        932.16 14648.6125    14654.3   5.0 1 0 5 NOAO
	        941.99 14601.6825    14600.5   5.0 1 1 30 NOAO
	       1013.93 14258.9551    14260.8   5.0 1 1 30 NOAO
	function chebyshev
	order 4
	sample *
	naverage 1
	niterate 10
	low_reject 3.
	high_reject 3.
	grow 0.
	coefficients	8
		1.
		4.
		148.7241516113281
		1013.925354003906
		16341.44514309063
		-2088.471437321283
		4.411560214802356
		1.569846182159743

# Thu 01:23:27 08-Aug-2019
begin	identify wtfarc_comb[SCI,2][90,*]
	id	wtfarc_comb[SCI,2]
	task	identify
	image	wtfarc_comb[SCI,2][90,*]
	units	Angstroms
	features	21
	        148.76  18432.727    18433.4   5.0 1 1 B NOAO
	        254.69  17920.017    17919.6   5.0 1 1 40 NOAO
	        351.57 17450.4779    17449.7   5.0 1 1 5 NOAO
	        455.67  16945.819    16945.2   5.0 1 1 11 NOAO
	        497.06 16745.2515 16744.5996   5.0 1 1 500 NOAO
	        536.28 16555.2488   16553.78   5.0 1 1 
	        542.71 16524.1245   16524.38   5.0 1 1 775   KH
	        559.97 16440.5498   16441.06   5.0 1 1 1666   KH
	        613.06 16183.6795    16184.4   5.0 1 1 1468   KH
	        625.25 16124.7366    16127.1   5.0 1 1 4 NOAO
	        652.42 15993.4385    15993.9   5.0 1 1 1 NOAO
	        671.36 15901.9877     15904.   5.0 1 1 25 NOAO
	        773.83   15408.02   15406.85   5.0 1 1 10 NOAO
	        789.25 15333.8348    15333.5   5.0 1 1 566   KH
	        794.95 15306.4439    15306.1   5.0 1 1 1 NOAO
	        821.76  15177.633    15176.8   5.0 1 1 10 NOAO
	        848.16 15050.9446    15050.6   5.0 1 1 566   KH
	        912.39 14743.3357    14743.2   5.0 1 1 100 NOAO
	        932.23 14648.5005    14654.3   5.0 1 0 5 NOAO
	        941.94 14602.1589    14600.5   5.0 1 1 30 NOAO
	       1013.97 14259.0408    14260.8   5.0 1 1 30 NOAO
	function chebyshev
	order 4
	sample *
	naverage 1
	niterate 10
	low_reject 3.
	high_reject 3.
	grow 0.
	coefficients	8
		1.
		4.
		148.7583618164063
		1013.973876953125
		16341.44408026487
		-2088.465620890235
		4.439814343818403
		1.622517039083881

# Thu 01:23:27 08-Aug-2019
begin	identify wtfarc_comb[SCI,2][92,*]
	id	wtfarc_comb[SCI,2]
	task	identify
	image	wtfarc_comb[SCI,2][92,*]
	units	Angstroms
	features	22
	        148.80   18432.06    18433.4   5.0 1 1 B NOAO
	        254.73 17919.5855    17919.6   5.0 1 1 40 NOAO
	        273.00 17831.0896    17828.9   5.0 1 1 5 NOAO
	        351.61 17450.1556    17449.7   5.0 1 1 11 NOAO
	        455.72 16945.5357    16945.2   5.0 1 1 500 NOAO
	        497.09 16745.0583 16744.5996   5.0 1 1 
	        536.38 16554.7396   16553.78   5.0 1 1 775   KH
	        542.73 16523.9758   16524.38   5.0 1 1 1666   KH
	        560.01  16440.355   16441.06   5.0 1 1 1468   KH
	        613.07 16183.6812    16184.4   5.0 1 1 4 NOAO
	        625.36 16124.2634    16127.1   5.0 1 1 1 NOAO
	        652.46 15993.3122    15993.9   5.0 1 1 25 NOAO
	        671.43 15901.7078     15904.   5.0 1 1 10 NOAO
	        773.41 15410.2918   15406.85   5.0 1 1 566   KH
	        789.33 15333.7394    15333.5   5.0 1 1 1 NOAO
	        794.97 15306.6149    15306.1   5.0 1 1 10 NOAO
	        821.82 15177.6837    15176.8   5.0 1 1 566   KH
	        848.19 15051.2131    15050.6   5.0 1 1 100 NOAO
	        912.07 14745.4943    14743.2   5.0 1 1 5 NOAO
	        932.25 14649.1625    14654.3   5.0 1 1 30 NOAO
	        941.92 14603.0283    14600.5   5.0 1 1 30 NOAO
	       1014.03  14259.922    14260.8   5.0 1 1 B NOAO
	function chebyshev
	order 4
	sample *
	naverage 1
	niterate 10
	low_reject 3.
	high_reject 3.
	grow 0.
	coefficients	8
		1.
		4.
		148.7970886230469
		1014.034851074219
		16341.37412122619
		-2087.831316072553
		4.61685559171168
		1.762299349092019

# Thu 01:23:27 08-Aug-2019
begin	identify wtfarc_comb[SCI,2][94,*]
	id	wtfarc_comb[SCI,2]
	task	identify
	image	wtfarc_comb[SCI,2][94,*]
	units	Angstroms
	features	22
	        148.74 18431.9578    18433.4   5.0 1 1 B NOAO
	        254.64  17919.813    17919.6   5.0 1 1 40 NOAO
	        273.00 17830.8904    17828.9   5.0 1 1 5 NOAO
	        351.51 17450.4204    17449.7   5.0 1 1 11 NOAO
	        455.63 16945.6529    16945.2   5.0 1 1 500 NOAO
	        497.03 16744.9591 16744.5996   5.0 1 1 
	        536.29 16554.7555   16553.78   5.0 1 1 775   KH
	        542.64 16523.9759   16524.38   5.0 1 1 1666   KH
	        559.95  16440.173   16441.06   5.0 1 1 1468   KH
	        612.95 16183.7207    16184.4   5.0 1 1 4 NOAO
	        625.34 16123.8069    16127.1   5.0 1 1 1 NOAO
	        652.35 15993.2642    15993.9   5.0 1 1 25 NOAO
	        671.36 15901.4691     15904.   5.0 1 1 10 NOAO
	        773.00 15411.6182   15406.85   5.0 1 1 566   KH
	        789.17 15333.8605    15333.5   5.0 1 1 1 NOAO
	        794.90 15306.3399    15306.1   5.0 1 1 10 NOAO
	        821.73 15177.4981    15176.8   5.0 1 1 566   KH
	        848.08 15051.1671    15050.6   5.0 1 1 100 NOAO
	        912.00 14745.4083    14743.2   5.0 1 1 5 NOAO
	        932.28 14648.6218    14654.3   5.0 1 1 30 NOAO
	        941.80 14603.2642    14600.5   5.0 1 1 30 NOAO
	       1014.00 14260.0325    14260.8   5.0 1 1 B NOAO
	function chebyshev
	order 4
	sample *
	naverage 1
	niterate 10
	low_reject 3.
	high_reject 3.
	grow 0.
	coefficients	8
		1.
		4.
		148.740966796875
		1014.003295898438
		16341.23705311472
		-2087.914744201664
		4.758110083773551
		1.952120049229151

# Thu 01:23:27 08-Aug-2019
begin	identify wtfarc_comb[SCI,2][96,*]
	id	wtfarc_comb[SCI,2]
	task	identify
	image	wtfarc_comb[SCI,2][96,*]
	units	Angstroms
	features	20
	        148.64 18432.5109    18433.4   5.0 1 1 B NOAO
	        254.52 17920.2562    17919.6   5.0 1 1 40 NOAO
	        351.37 17450.8757    17449.7   5.0 1 1 5 NOAO
	        455.48 16946.0512    16945.2   5.0 1 1 11 NOAO
	        496.96 16744.9937 16744.5996   5.0 1 1 500 NOAO
	        536.12 16555.2315   16553.78   5.0 1 1 
	        542.49 16524.3896   16524.38   5.0 1 1 775   KH
	        559.88 16440.1725   16441.06   5.0 1 1 1666   KH
	        612.80 16184.0731    16184.4   5.0 1 1 1468   KH
	        625.54 16122.4933    16127.1   5.0 1 1 4 NOAO
	        652.20 15993.6536    15993.9   5.0 1 1 1 NOAO
	        671.37 15901.0953     15904.   5.0 1 1 25 NOAO
	        773.00 15411.3217   15406.85   5.0 1 1 10 NOAO
	        789.02 15334.3245    15333.5   5.0 1 1 566   KH
	        794.78 15306.6176    15306.1   5.0 1 1 1 NOAO
	        821.61 15177.8201    15176.8   5.0 1 1 10 NOAO
	        847.94  15051.558    15050.6   5.0 1 1 566   KH
	        932.36 14648.0747    14654.3   5.0 1 1 100 NOAO
	        941.48 14604.6237    14600.5   5.0 1 1 5 NOAO
	       1013.90 14260.4327    14260.8   5.0 1 1 30 NOAO
	function chebyshev
	order 4
	sample *
	naverage 1
	niterate 10
	low_reject 3.
	high_reject 3.
	grow 0.
	coefficients	8
		1.
		4.
		148.6360626220703
		1013.895568847656
		16341.56430501247
		-2087.980539528515
		4.907490803013214
		1.941462458683462

# Thu 01:23:27 08-Aug-2019
begin	identify wtfarc_comb[SCI,2][98,*]
	id	wtfarc_comb[SCI,2]
	task	identify
	image	wtfarc_comb[SCI,2][98,*]
	units	Angstroms
	features	16
	        148.58 18432.9783    18433.4   5.0 1 1 B NOAO
	        254.44 17920.0959    17919.6   5.0 1 1 40 NOAO
	        351.31 17450.3358    17449.7   5.0 1 1 5 NOAO
	        455.42  16945.459    16945.2   5.0 1 1 11 NOAO
	        496.89 16744.4946 16744.5996   5.0 1 1 500 NOAO
	        542.41 16524.0701   16524.38   5.0 1 1 
	        559.87 16439.5566   16441.06   5.0 1 1 775   KH
	        612.35 16185.7851    16184.4   5.0 1 1 1666   KH
	        652.13 15993.6658    15993.9   5.0 1 1 1468   KH
	        671.29 15901.2078     15904.   5.0 1 1 4 NOAO
	        788.96 15334.9351    15333.5   5.0 1 1 1 NOAO
	        794.73 15307.2597    15306.1   5.0 1 1 25 NOAO
	        821.56  15178.594    15176.8   5.0 1 1 10 NOAO
	        847.87 15052.5755    15050.6   5.0 1 1 566   KH
	        932.48 14648.6522    14654.3   5.0 1 1 1 NOAO
	       1013.75  14262.674    14260.8   5.0 1 1 10 NOAO
	function chebyshev
	order 4
	sample *
	naverage 1
	niterate 10
	low_reject 3.
	high_reject 3.
	grow 0.
	coefficients	8
		1.
		4.
		148.5808563232422
		1013.746276855469
		16342.18126894729
		-2086.889603861768
		5.64491663706251
		1.737462979076424

# Thu 01:23:27 08-Aug-2019
begin	identify wtfarc_comb[SCI,2][100,*]
	id	wtfarc_comb[SCI,2]
	task	identify
	image	wtfarc_comb[SCI,2][100,*]
	units	Angstroms
	features	16
	        148.43 18432.8471    18433.4   5.0 1 1 B NOAO
	        254.30  17920.156    17919.6   5.0 1 1 40 NOAO
	        351.16 17450.5009    17449.7   5.0 1 1 5 NOAO
	        455.31 16945.4152    16945.2   5.0 1 1 11 NOAO
	        496.69 16744.9026 16744.5996   5.0 1 1 500 NOAO
	        542.27 16524.1694   16524.38   5.0 1 1 
	        559.82 16439.2245   16441.06   5.0 1 1 775   KH
	        612.00 16186.9233    16184.4   5.0 1 1 1666   KH
	        652.01 15993.7427    15993.9   5.0 1 1 1468   KH
	        671.75 15898.4829     15904.   5.0 1 1 4 NOAO
	        788.83 15335.3131    15333.5   5.0 1 1 1 NOAO
	        794.62 15307.5078    15306.1   5.0 1 1 25 NOAO
	        821.39 15179.2327    15176.8   5.0 1 1 10 NOAO
	        847.77 15052.9984    15050.6   5.0 1 1 566   KH
	        932.58 14648.4992    14654.3   5.0 1 1 1 NOAO
	       1014.00 14262.4237    14260.8   5.0 1 1 10 NOAO
	function chebyshev
	order 4
	sample *
	naverage 1
	niterate 10
	low_reject 3.
	high_reject 3.
	grow 0.
	coefficients	8
		1.
		4.
		148.4281768798828
		1014.
		16341.68813405243
		-2087.146628795559
		5.947231272187377
		1.934940338380594

